0
0
0
0
0
0
0
0
0
0
0
0
6.66169e-011
8.06504e-006
0.000143835
0.000763099
0.000456115
0.000191531
0.00043414
0.000250281
0.00031925
0.000271563
0.000396592
0.00030854
0.00078197
0.00138051
0.000901668
0.00119849
0.00403109
0.00553013
0.00561358
0.00523548
0.00660254
0.00557801
0.00594352
0.00764706
0.00679475
0.00917702
0.00772151
0.0095289
0.0117122
0.00862238
0.0130433
0.0101486
0.0111637
0.00912638
0.0123167
0.00909861
0.0130336
0.0114574
0.0106185
0.0142568
0.0103644
0.018097
0.0127065
0.0172074
0.0187469
0.0184013
0.0231428
0.0186796
0.0235965
0.0196697
0.0211915
0.0180462
0.0279148
0.01092
0.0173368
0.0206649
0.0120428
0.0266251
0.0129236
0.0156797
0.0238481
0.0141865
0.019462
0.0250821
0.0164441
0.0332007
0.0153568
0.0256892
0.0207635
0.0157928
0.0303475
0.0196559
0.138973
0.107188
0.0542368
0.139032
0.104905
0.141519
0.144525
0.101917
0.127728
0.100691
0.0833321
0.110877
0.0897427
0.103585
0.117507
0.0737473
0.0924349
0.0515791
0.0610452
0.054717
0.0582098
0.0659889
0.0837698
0.0668698
0.0579372
0.0746495
0.0454505
0.0758092
0.0788133
0.136962
0.12608
0.145446
0.120658
0.0885925
0.0847082
0.0790896
0.106855
0.128743
0.0967807
0.166029
0.117945
0.125943
0.177473
0.152806
0.148399
0.11826
0.108282
0.115878
0.0581959
0.0794306
0.0783641
0.0587907
0.116817
0.0500063
0.0687844
0.0646635
0.029127
0.0655361
0.0618
0.068507
0.0652088
0.100638
0.040691
0.116831
0.0457185
0.0879116
0.132206
0.0732911
0.210854
0.139059
0.141
0.153533
0.0843069
0.174487
0.137371
0.0989758
0.052181
0.0302196
0.038362
0.070803
0.0382275
0.0559246
0.0805371
0.233978
0.288787
0.0668215
0.0297701
0.053796
0.0122928
0.0210214
0.010668
0.0156165
0.00950528
0.0297901
0.034428
0.0160511
0.045523
0.0640476
0.0785641
0.0680581
0.0639823
0.0902367
0.0554735
0.0545074
0.0571607
0.0444317
0.0622268
0.0425906
0.0550437
0.0562617
0.0523318
0.0566884
0.0390427
0.0460506
0.0313188
0.042733
0.028735
0.0433961
0.0283562
0.0449892
0.032778
0.0304411
0.0465175
0.0264313
0.0420824
0.0339893
0.0408267
0.0409615
0.0387657
0.0378998
0.0331464
0.0361906
0.0261437
0.0410519
0.00987414
0.0297601
0.0256235
0.0229552
0.0262322
0.00918961
0.0291229
0.0224781
0.0139024
0.0232423
0.0182361
0.0249869
0.0273805
0.0110139
0.0344908
0.0162574
0.0237189
0.0224779
0.0208492
0.179737
0.137758
0.119357
0.113668
0.0606037
0.12263
0.113294
0.108698
0.152917
0.103472
0.126295
0.101473
0.0618972
0.0927638
0.0833059
0.0851398
0.120051
0.0635673
0.0733507
0.0517548
0.04473
0.0398423
0.0680237
0.059235
0.0844288
0.0931866
0.0774191
0.0831358
0.0538462
0.101717
0.0942001
0.155468
0.128225
0.133986
0.108886
0.0796661
0.0825901
0.0949971
0.124309
0.170814
0.115466
0.116995
0.14749
0.140893
0.131586
0.112055
0.142522
0.133855
0.0811192
0.074433
0.0536007
0.064356
0.090392
0.0422513
0.100507
0.0599504
0.0683269
0.0665382
0.0433354
0.0476184
0.0652297
0.0813043
0.0629877
0.141514
0.0386694
0.139034
0.0653969
0.0715722
0.176919
0.126591
0.205801
0.161272
0.123634
0.19149
0.0939156
0.0931978
0.043613
0.0251435
0.0450041
0.0574207
0.0298611
0.0651774
0.115668
0.37322
0.201263
0.0268856
0.026338
0.0401498
0.0139643
0.0184631
0.0139161
0.0114478
0.0118936
0.0251861
0.0230577
0.0282779
0.0773805
0.071998
0.0787919
0.0537325
0.0600453
0.0735133
0.0510536
0.0610785
0.0526325
0.0553433
0.0615648
0.0399266
0.0638076
0.0515312
0.0568559
0.0524985
0.0391074
0.0441432
0.0363817
0.0358861
0.0293618
0.0400655
0.0266672
0.0398591
0.027599
0.0426692
0.0388321
0.0283028
0.0421526
0.0319273
0.0448547
0.038499
0.0380955
0.0346186
0.0373801
0.031774
0.0265976
0.0299461
0.0101163
0.0304068
0.0209908
0.0248646
0.0244643
0.0167721
0.0270026
0.0170702
0.0187635
0.028244
0.0130179
0.0261684
0.018572
0.017268
0.0322645
0.0109591
0.031382
0.0204188
0.0633108
0.151853
0.112497
0.167434
0.132303
0.114684
0.116233
0.0757822
0.102311
0.121603
0.106899
0.145914
0.10911
0.0928236
0.089872
0.0523375
0.0763107
0.0813068
0.0743358
0.0958531
0.0667761
0.0517109
0.0540193
0.0512559
0.0331124
0.0724229
0.0791662
0.101153
0.106356
0.100577
0.109684
0.0689214
0.106331
0.0952837
0.134559
0.123286
0.115142
0.108737
0.086608
0.138638
0.15885
0.120713
0.155684
0.156737
0.117138
0.105945
0.0885666
0.129706
0.108183
0.0916503
0.097335
0.0637489
0.0745269
0.0660156
0.036393
0.0800697
0.0501118
0.0904957
0.0768995
0.0757349
0.042438
0.0672486
0.0473955
0.0769866
0.11213
0.0597419
0.1844
0.0600454
0.125175
0.124193
0.0807766
0.179762
0.139578
0.180446
0.204247
0.084739
0.0761798
0.0428793
0.0319928
0.0545681
0.0515419
0.0294424
0.061071
0.18476
0.431054
0.145308
0.027163
0.0465093
0.0265272
0.0209774
0.0160629
0.0156647
0.00980127
0.0221962
0.0278535
0.0206651
0.0233903
0.0683678
0.0816957
0.0708452
0.0546776
0.0642489
0.0549304
0.0500369
0.0580136
0.049554
0.0607396
0.0504695
0.050019
0.0637847
0.0422223
0.0601209
0.0449726
0.0415161
0.036617
0.0448372
0.0324803
0.0373879
0.0357835
0.0284841
0.0394729
0.0265618
0.0406032
0.0316556
0.037845
0.0407761
0.0335849
0.0444083
0.0366908
0.041977
0.0325033
0.0329122
0.0300031
0.0414701
0.0170072
0.0185371
0.0307577
0.0170937
0.032387
0.0177034
0.0157744
0.0288125
0.0169034
0.0178236
0.0264062
0.0173818
0.0335857
0.0157712
0.0207412
0.0235874
0.0154959
0.031071
0.0196223
0.111197
0.10977
0.0667963
0.149989
0.118754
0.142125
0.142285
0.10428
0.109174
0.0966294
0.0884706
0.11909
0.100207
0.10633
0.115498
0.0667888
0.0860785
0.048386
0.0596756
0.0657932
0.0656622
0.0699165
0.077707
0.0608923
0.0547682
0.0619057
0.0476223
0.0835691
0.0885313
0.142061
0.128043
0.129159
0.114874
0.0728239
0.0942013
0.0898316
0.115929
0.135388
0.0887403
0.169356
0.134594
0.1188
0.182641
0.159082
0.142545
0.116314
0.0876304
0.112221
0.0663038
0.080867
0.0882465
0.0617193
0.115155
0.0511626
0.0536992
0.0672802
0.0320453
0.0714702
0.0672319
0.0758075
0.0642071
0.0987839
0.0378676
0.09457
0.0573859
0.0838814
0.152664
0.0685363
0.20134
0.134923
0.118618
0.146522
0.0889921
0.183361
0.157021
0.0940679
0.0559102
0.0346026
0.038162
0.0694575
0.0402852
0.0423479
0.0755245
0.21034
0.32688
0.0837252
0.0307684
0.0562664
0.015171
0.0213541
0.0108086
0.0163625
0.010427
0.0294124
0.0366314
0.0153336
0.0353679
0.0641028
0.0768174
0.0688709
0.0652391
0.0877347
0.0553449
0.050933
0.0588832
0.0451385
0.0618057
0.0435509
0.0535615
0.0567302
0.0499235
0.0587979
0.0394508
0.0472715
0.0314655
0.04325
0.0292665
0.0451136
0.0307086
0.0417077
0.0348965
0.0295046
0.0483656
0.0271191
0.0400843
0.0362216
0.0411962
0.0432178
0.0367626
0.039216
0.0340658
0.0367241
0.0268634
0.0404054
0.0115602
0.0300897
0.0267337
0.0183721
0.0284526
0.0107179
0.0280377
0.0237072
0.0113806
0.0235606
0.0209837
0.0226323
0.0285146
0.0124645
0.0335235
0.0177016
0.0184296
0.0248991
0.0203854
0.181614
0.139669
0.0831366
0.113808
0.0685447
0.127066
0.12827
0.109242
0.150032
0.104918
0.105853
0.101578
0.0682556
0.0956288
0.097317
0.0855594
0.119562
0.0545488
0.0706628
0.046631
0.0458558
0.0478143
0.0753638
0.0652307
0.0798052
0.085513
0.073487
0.0697811
0.0553311
0.112189
0.104435
0.16585
0.130699
0.11751
0.104004
0.0712366
0.0879388
0.103427
0.116703
0.176077
0.106691
0.115472
0.16289
0.138895
0.141405
0.116104
0.134535
0.136228
0.0680295
0.0694205
0.0577187
0.0609221
0.10136
0.045622
0.0971253
0.0574362
0.0564759
0.0687026
0.0459847
0.0515936
0.0644218
0.0919762
0.0613395
0.136247
0.0383051
0.116153
0.0824694
0.0752759
0.190115
0.135524
0.197081
0.156183
0.108978
0.175624
0.10157
0.0976337
0.0454957
0.0248689
0.0437541
0.0614403
0.0324826
0.0677214
0.101479
0.328963
0.21673
0.0337449
0.025923
0.0436939
0.0109601
0.0188838
0.0137613
0.0130793
0.010035
0.0263835
0.0269975
0.0272305
0.0706569
0.066797
0.0811233
0.0587296
0.0607657
0.0808468
0.0511814
0.0616758
0.0543467
0.0474013
0.0630815
0.0401318
0.0609987
0.0528524
0.0549506
0.0531477
0.0400875
0.0459618
0.0306347
0.0383781
0.0287574
0.0408598
0.0259861
0.0429686
0.0286222
0.0412824
0.0414368
0.0249344
0.0444102
0.0321055
0.0433998
0.0389992
0.0391484
0.0362075
0.0367721
0.0330042
0.0251818
0.0346578
0.00992849
0.0277749
0.0222357
0.0259558
0.0257332
0.014819
0.0254888
0.0183224
0.0183471
0.0267961
0.0128845
0.026117
0.0217091
0.0155022
0.0334665
0.0115519
0.0307401
0.0203847
0.0476917
0.158225
0.122502
0.157722
0.131859
0.0926637
0.108484
0.0826465
0.103297
0.133502
0.110375
0.144495
0.104812
0.0807731
0.0889675
0.058003
0.076795
0.0957036
0.076339
0.0956899
0.0582975
0.0520114
0.0466577
0.0523657
0.0406858
0.0773349
0.0871051
0.098362
0.0998153
0.0910848
0.0979315
0.0667369
0.119856
0.106351
0.143893
0.124436
0.100605
0.10369
0.0855807
0.137175
0.15553
0.11848
0.151024
0.151408
0.119178
0.114257
0.0915102
0.133476
0.118426
0.0913434
0.0959219
0.0612487
0.0619176
0.0700829
0.0366636
0.0879268
0.0548394
0.0882529
0.0711975
0.0726835
0.0448009
0.06267
0.0543634
0.0724223
0.127832
0.0570921
0.171092
0.0601305
0.101066
0.133334
0.0951154
0.18821
0.15317
0.169807
0.2029
0.0850884
0.0806896
0.0411692
0.0287141
0.051342
0.054114
0.0276546
0.0588353
0.166878
0.434265
0.163115
0.0228074
0.0372226
0.0308543
0.0201438
0.0173925
0.014047
0.00986263
0.0206787
0.0253141
0.0209934
0.0251511
0.0747878
0.081902
0.0715062
0.0503005
0.0618114
0.0587933
0.0499521
0.0577548
0.0491223
0.0621349
0.0538077
0.0459172
0.0640489
0.0444381
0.0599094
0.047158
0.0388224
0.0380376
0.0444169
0.0330466
0.0321351
0.0367802
0.0278262
0.0392365
0.0256696
0.0401446
0.0329321
0.037223
0.040292
0.0296955
0.0455816
0.0377364
0.0407879
0.0309876
0.0348226
0.030877
0.0381707
0.0196429
0.0117741
0.0329589
0.0181259
0.0289498
0.0195858
0.0168995
0.0295609
0.0175318
0.0168623
0.0268786
0.0174822
0.0318862
0.0153996
0.01915
0.0270452
0.0146027
0.0306401
0.0198911
0.0861528
0.125902
0.080513
0.158789
0.128254
0.134692
0.142177
0.0994995
0.0923377
0.102815
0.0923603
0.12654
0.108257
0.105718
0.10783
0.062434
0.0795272
0.0525773
0.0592136
0.077107
0.0710922
0.0701538
0.0666027
0.061838
0.047179
0.0563042
0.0566111
0.0896584
0.0967215
0.138367
0.122954
0.116363
0.105715
0.0650998
0.105735
0.101277
0.121928
0.134407
0.0845621
0.1713
0.148144
0.120024
0.179782
0.15975
0.141272
0.108236
0.0773819
0.121231
0.0759946
0.0827584
0.0950546
0.0646496
0.110732
0.0561615
0.0370717
0.0694727
0.0368077
0.0779315
0.0706488
0.0797764
0.0569268
0.0994483
0.0395769
0.0814832
0.0710048
0.0770945
0.171327
0.0683702
0.176205
0.134238
0.0968524
0.146673
0.103175
0.186365
0.178495
0.0901291
0.0623022
0.0385541
0.0370598
0.0624421
0.0417843
0.0304318
0.0675123
0.201883
0.364999
0.102038
0.0323717
0.0567692
0.0183318
0.0210912
0.011669
0.0165896
0.0109734
0.0271137
0.0378533
0.016747
0.0279579
0.0634434
0.0769265
0.0699874
0.0653788
0.0814752
0.0544302
0.049751
0.0589882
0.0472406
0.0607511
0.0451613
0.0536822
0.0579462
0.047157
0.0586617
0.0415321
0.0468671
0.033148
0.0429086
0.0286437
0.045334
0.0321013
0.0369155
0.0352699
0.0287788
0.0476645
0.0282057
0.0375839
0.0378792
0.0408825
0.0436193
0.0346651
0.0390036
0.0346803
0.0358428
0.0268292
0.0405329
0.0134377
0.0291584
0.0272757
0.0161665
0.0314348
0.0127209
0.0244033
0.0247551
0.0125956
0.0231359
0.0233219
0.0192044
0.0303617
0.0139844
0.0315658
0.0183092
0.0156489
0.0277457
0.0203568
0.171873
0.131674
0.0513165
0.126494
0.081719
0.134022
0.139568
0.107644
0.14804
0.106057
0.0851015
0.107625
0.0737978
0.0986416
0.108989
0.0829575
0.111811
0.0514804
0.0659575
0.0426158
0.0474205
0.0560706
0.0812495
0.0688093
0.0675578
0.0829287
0.0640409
0.0620791
0.0646145
0.121275
0.113685
0.168114
0.125009
0.107443
0.0965163
0.0638785
0.0974141
0.113961
0.107155
0.173512
0.104314
0.120858
0.170835
0.138987
0.14674
0.120066
0.127412
0.130093
0.0559052
0.0756151
0.0632817
0.0582856
0.110494
0.0486264
0.0914159
0.0589962
0.0410288
0.0685156
0.0512888
0.0579107
0.0632153
0.0994267
0.0535826
0.134252
0.0407956
0.0932798
0.102188
0.075973
0.200965
0.142368
0.172158
0.156228
0.098162
0.16166
0.113647
0.0994804
0.0475654
0.0258076
0.0411863
0.0665865
0.0345079
0.0667658
0.0896428
0.277789
0.240589
0.045275
0.0268368
0.0473018
0.0104588
0.0195602
0.0126983
0.0143771
0.00858304
0.0279842
0.0306232
0.0235773
0.0608998
0.0647211
0.0791325
0.0636672
0.0614307
0.086236
0.0534425
0.0589125
0.0569592
0.045296
0.0643117
0.0412831
0.0581421
0.0554681
0.0533343
0.0545004
0.039946
0.0473621
0.030689
0.0410652
0.0291013
0.0413903
0.0270373
0.0451834
0.0310109
0.0380599
0.0437506
0.025613
0.0447871
0.0333942
0.0413181
0.0405413
0.0397833
0.0377135
0.0357625
0.0344927
0.0257886
0.0384978
0.00924958
0.0279524
0.0241028
0.0259169
0.0260906
0.0118194
0.0275964
0.0204943
0.0172872
0.0239835
0.0141195
0.0263676
0.0245151
0.0127155
0.0343949
0.0135585
0.0293302
0.0209771
0.0326143
0.167963
0.129949
0.148718
0.122998
0.0711143
0.116681
0.0911018
0.106475
0.144095
0.11038
0.141817
0.101245
0.0697955
0.0929486
0.0645831
0.0811785
0.108474
0.0742148
0.0889167
0.0529085
0.0513093
0.0348722
0.0574499
0.0484218
0.0822224
0.093241
0.0861854
0.0961543
0.0769063
0.0865971
0.0784646
0.132789
0.116477
0.148264
0.116008
0.0916589
0.0974218
0.0823438
0.136943
0.157565
0.114226
0.139385
0.144647
0.129426
0.118358
0.100236
0.139732
0.126557
0.0874062
0.0868261
0.0566271
0.0639628
0.0739753
0.0387829
0.0950154
0.0585258
0.0836625
0.0668145
0.0641876
0.0458546
0.063221
0.0646908
0.0678803
0.139143
0.0493681
0.162945
0.0628218
0.0773732
0.153585
0.108289
0.197748
0.162913
0.148156
0.201589
0.0877318
0.0845315
0.0424548
0.0269676
0.0499124
0.0545676
0.0260291
0.0596119
0.140508
0.422766
0.179446
0.022284
0.029984
0.0350577
0.0182612
0.0180327
0.0130522
0.0100515
0.0169466
0.023954
0.0209577
0.0269715
0.0786841
0.0787459
0.0742346
0.0485739
0.059989
0.0647691
0.0491479
0.0593411
0.0497087
0.0611441
0.057847
0.0415019
0.0655408
0.046652
0.0592749
0.0489691
0.0383685
0.0404901
0.0420253
0.0349516
0.0299569
0.039326
0.0266814
0.0395705
0.0262773
0.0418261
0.0353705
0.0344237
0.0419424
0.0299916
0.0466804
0.0385599
0.0396002
0.0323536
0.0362537
0.0321356
0.033342
0.0233205
0.00978961
0.0335954
0.019176
0.025553
0.0216373
0.0174883
0.0293436
0.0171351
0.0176867
0.0279526
0.0164985
0.0292715
0.0154796
0.0183283
0.0298954
0.01293
0.0309857
0.0204519
0.0757261
0.139641
0.0942311
0.165909
0.132254
0.125326
0.132695
0.088635
0.0960149
0.105904
0.0997171
0.135938
0.112228
0.101579
0.0959018
0.0591069
0.0794081
0.0617736
0.0666116
0.0869235
0.0730628
0.0649871
0.0580021
0.0612891
0.0340157
0.0633298
0.066039
0.096171
0.104439
0.120559
0.120988
0.0994841
0.0940102
0.0776175
0.11593
0.112024
0.125049
0.121547
0.086948
0.16576
0.156024
0.123181
0.171058
0.151588
0.134265
0.104581
0.0815572
0.124831
0.0894808
0.086598
0.0979871
0.0637862
0.0957497
0.0614293
0.0342785
0.0691415
0.0428941
0.0840964
0.0756605
0.0800281
0.047571
0.0932058
0.0405988
0.0803849
0.0870491
0.070453
0.184752
0.0657147
0.157161
0.13397
0.0808309
0.161947
0.116665
0.184918
0.195975
0.0867585
0.0683446
0.0418156
0.0332625
0.0579614
0.0452784
0.0295102
0.0625495
0.194949
0.399038
0.121033
0.0319346
0.054993
0.021476
0.0206422
0.0135854
0.0166508
0.0110203
0.0235819
0.0362201
0.0186367
0.0228836
0.0642082
0.0784357
0.0714042
0.062088
0.073035
0.0512969
0.0504005
0.0590614
0.0479248
0.0597469
0.0459796
0.0540674
0.0594005
0.0431007
0.0576211
0.0429737
0.0450733
0.0337416
0.043565
0.0295889
0.0429603
0.0333717
0.0305047
0.0375519
0.0271481
0.0450415
0.0285341
0.0377803
0.0385841
0.0385649
0.0440699
0.0338495
0.0410985
0.0334294
0.0347055
0.0273639
0.041903
0.0151932
0.0261551
0.0268894
0.0150415
0.0331464
0.0147157
0.0196366
0.0259712
0.0146594
0.0217277
0.0251123
0.0161135
0.0325662
0.014983
0.027614
0.0197165
0.0157415
0.0298019
0.0197303
0.151887
0.116759
0.0488935
0.13538
0.0979399
0.139635
0.144912
0.101577
0.137324
0.104158
0.0802322
0.109826
0.0844572
0.102467
0.116203
0.076202
0.0974777
0.0522629
0.0619726
0.050645
0.0545677
0.0632661
0.0841207
0.0687576
0.0591222
0.0785199
0.0497574
0.0717009
0.0747305
0.133002
0.122693
0.156027
0.122984
0.095893
0.0869976
0.0739612
0.104366
0.125126
0.100872
0.164607
0.110183
0.12621
0.17376
0.148477
0.14835
0.11862
0.117368
0.122195
0.0544205
0.0792444
0.0735245
0.0573716
0.116383
0.0501088
0.0769289
0.0626335
0.0290307
0.0665989
0.0587529
0.0651043
0.0641712
0.101536
0.0422732
0.124499
0.0424429
0.089045
0.122967
0.0744363
0.21051
0.142531
0.150015
0.155368
0.0889569
0.171226
0.128916
0.0996191
0.0505831
0.0281813
0.0389884
0.0700727
0.0372421
0.0608698
0.0817105
0.246559
0.273482
0.0596875
0.0290863
0.051975
0.0113625
0.0206482
0.0110376
0.0153191
0.00908736
0.0294799
0.0335248
0.0186732
0.0497431
0.0645913
0.0794576
0.0668995
0.0632232
0.0898274
0.055113
0.0563478
0.0574892
0.0446317
0.0636491
0.0426063
0.0558259
0.0566574
0.0524033
0.0562113
0.0397197
0.0463686
0.0312016
0.0424169
0.029164
0.042361
0.0277195
0.0457075
0.0321302
0.0331785
0.0451824
0.0264158
0.0432532
0.0337178
0.0405051
0.0410443
0.0396414
0.0375108
0.0334478
0.0354735
0.0263419
0.040731
0.00953986
0.029376
0.0251207
0.0242557
0.0264019
0.00975202
0.0289256
0.0220449
0.0148447
0.0234872
0.0169577
0.0255319
0.0266478
0.0112858
0.0347562
0.0154373
0.0257877
0.0215268
0.022132
0.175635
0.134774
0.132363
0.116846
0.0576161
0.121973
0.106299
0.107137
0.151688
0.104858
0.134033
0.102303
0.0599098
0.0940944
0.0767795
0.0838043
0.11776
0.0671545
0.0771604
0.0526738
0.046402
0.0368659
0.0643043
0.055996
0.0843869
0.0948024
0.0778132
0.0884655
0.0601275
0.0963922
0.0898198
0.149112
0.124781
0.141591
0.111399
0.0838681
0.087352
0.0903812
0.130057
0.167664
0.116304
0.118805
0.14093
0.138826
0.126032
0.109261
0.142533
0.131716
0.0847434
0.0790123
0.0516338
0.0653489
0.0852866
0.0406181
0.100175
0.0601738
0.0741485
0.065938
0.0476763
0.0475977
0.0647293
0.0762238
0.0631099
0.142992
0.0398352
0.148282
0.0628772
0.0700874
0.170856
0.121075
0.205412
0.164521
0.129292
0.196553
0.0916496
0.0904354
0.0428283
0.025591
0.045277
0.056006
0.0285567
0.0633368
0.123472
0.39337
0.194099
0.0249533
0.0264948
0.0387792
0.0152157
0.018274
0.0137583
0.0107032
0.0135468
0.0246169
0.0213734
0.0281418
0.078826
0.0741185
0.0778614
0.0516705
0.0589905
0.070823
0.0504124
0.0605261
0.0520003
0.0576195
0.0609133
0.039678
0.0645428
0.0502586
0.057847
0.0517507
0.0387266
0.0431665
0.0385822
0.0358226
0.0291912
0.0401564
0.0270381
0.0391025
0.0273115
0.0423494
0.0381526
0.0304241
0.0416004
0.0314921
0.0455525
0.0388811
0.0377649
0.0338886
0.0372497
0.0321696
0.0282147
0.0277126
0.00999177
0.0319766
0.0203582
0.0241147
0.0237022
0.0172813
0.0276926
0.0168451
0.0186078
0.0284736
0.0142836
0.0261924
0.0171663
0.0177868
0.0318188
0.0113385
0.031113
0.0204697
0.0673345
0.149515
0.107182
0.167998
0.131824
0.120352
0.119828
0.0743288
0.101651
0.116261
0.10488
0.143442
0.110829
0.0967321
0.0916905
0.0526844
0.0782239
0.0747063
0.0723785
0.0941007
0.0697554
0.0547066
0.0558124
0.0553651
0.0305374
0.0695402
0.0749946
0.100315
0.107401
0.102967
0.114066
0.0792242
0.100063
0.0902208
0.128996
0.120411
0.12062
0.111499
0.0871682
0.148271
0.159196
0.122253
0.161386
0.155311
0.118083
0.102023
0.0870295
0.126984
0.102719
0.089956
0.096933
0.0641
0.0810001
0.0642809
0.0361467
0.0765858
0.048178
0.0895703
0.077343
0.0772183
0.0435311
0.0767559
0.0453226
0.0783472
0.104392
0.0618355
0.187684
0.0604109
0.134425
0.128605
0.0754936
0.17522
0.132385
0.1813
0.204517
0.0851761
0.0736718
0.0430985
0.0327258
0.0564409
0.0498679
0.0298859
0.0617921
0.189058
0.423332
0.138141
0.0288635
0.0500414
0.0247697
0.021044
0.0153037
0.0162308
0.01025
0.0225461
0.0307817
0.0202267
0.0226828
0.0667975
0.0804621
0.0705125
0.0560786
0.0655541
0.0537745
0.0497994
0.0585335
0.0492063
0.0601821
0.0488954
0.0511174
0.0628342
0.0419894
0.0600132
0.0436643
0.0427433
0.0357841
0.0444614
0.031818
0.0392538
0.0354803
0.0293666
0.0392098
0.0265105
0.0424235
0.030779
0.0380833
0.0404909
0.0354159
0.0449815
0.0356289
0.0421147
0.03322
0.033843
0.0293724
0.041921
0.01649
0.0208903
0.0295237
0.0164819
0.033085
0.0168011
0.0160474
0.02813
0.0163534
0.0187446
0.0261447
0.0170324
0.033617
0.0157005
0.0225915
0.022081
0.015727
0.0308801
0.0197107
0.121297
0.103604
0.0611048
0.14454
0.112977
0.142215
0.142934
0.103724
0.115784
0.0962949
0.0866959
0.115001
0.0957748
0.104685
0.116969
0.0699417
0.0889817
0.0499296
0.0604694
0.0606059
0.062526
0.0686234
0.0813008
0.0633055
0.0566886
0.0684624
0.0453853
0.0803429
0.0840805
0.140512
0.128281
0.13373
0.117246
0.0804424
0.088715
0.0851543
0.112027
0.132921
0.0930317
0.168789
0.127489
0.12286
0.181413
0.156675
0.145676
0.118081
0.0947547
0.110317
0.0626744
0.0797004
0.084093
0.0601042
0.115757
0.0503855
0.0604677
0.0665381
0.0307899
0.0684269
0.0650438
0.0728621
0.0653073
0.0990627
0.0390601
0.106
0.0520072
0.0863036
0.143586
0.0704876
0.207367
0.135008
0.127101
0.150924
0.0841727
0.179836
0.14759
0.0963992
0.0540454
0.032723
0.0378547
0.0705439
0.039486
0.0482073
0.0780912
0.221672
0.30994
0.0760822
0.0302663
0.0555508
0.0138213
0.0212332
0.0107045
0.0160855
0.0100441
0.0297341
0.0355314
0.0149429
0.0402886
0.0638825
0.0766033
0.0689787
0.0644244
0.0894998
0.055519
0.0515515
0.0582909
0.0445343
0.0619561
0.0427404
0.0545132
0.0557601
0.051287
0.0578314
0.0384986
0.047033
0.0312511
0.0431562
0.0290926
0.0444748
0.0296211
0.043357
0.0341233
0.0298064
0.0478849
0.0265821
0.0411199
0.0352817
0.0411067
0.042228
0.0375893
0.0388787
0.0337213
0.0367276
0.0264505
0.0409958
0.010699
0.0300425
0.026141
0.0207072
0.026991
0.00981655
0.028767
0.0231288
0.0125516
0.0234173
0.0197883
0.0239269
0.0281581
0.0116998
0.0340409
0.0171455
0.0211342
0.0238775
0.0206277
0.182119
0.140008
0.0984588
0.110675
0.0647654
0.124072
0.121856
0.109225
0.151546
0.103881
0.114246
0.10062
0.0655148
0.0932815
0.0912589
0.0854749
0.120736
0.0586798
0.0714527
0.0496038
0.0450323
0.0440682
0.0721711
0.0628015
0.082869
0.0889945
0.0759364
0.0760934
0.0530532
0.107845
0.0995604
0.161796
0.130712
0.123115
0.105612
0.0748357
0.083512
0.100064
0.119924
0.174713
0.111737
0.11673
0.156713
0.14096
0.137381
0.114124
0.139513
0.136107
0.0741384
0.0693427
0.056133
0.0621215
0.0966909
0.0442624
0.0989747
0.0584717
0.0614426
0.0682043
0.0442987
0.0490349
0.0650299
0.0874684
0.0626995
0.138064
0.0382811
0.126952
0.0741254
0.0739461
0.18387
0.132034
0.202469
0.156833
0.113979
0.183919
0.0970322
0.0960842
0.0447364
0.0248639
0.0446398
0.0590408
0.0314729
0.0668598
0.108207
0.34696
0.209305
0.0304019
0.0258237
0.0421332
0.0119951
0.0185647
0.0139617
0.0123837
0.0106615
0.0257828
0.025272
0.0279894
0.0744291
0.0686285
0.0806111
0.0565101
0.0605816
0.0776763
0.0513183
0.0617135
0.0532118
0.0513385
0.0618491
0.0400938
0.0620224
0.0524285
0.0555206
0.0529127
0.0398315
0.0450712
0.0327061
0.0367759
0.0292201
0.0403781
0.0257259
0.0415749
0.0279916
0.0423157
0.0399545
0.0252015
0.0434724
0.0319431
0.0439023
0.0382055
0.0387313
0.0352747
0.0369501
0.031905
0.0249929
0.0326375
0.0101022
0.0281798
0.0215813
0.0256308
0.0252358
0.0158432
0.0255102
0.0174571
0.01868
0.027545
0.0125315
0.0259279
0.0203208
0.0164762
0.0327717
0.0108277
0.0311982
0.020435
0.0557858
0.154261
0.118416
0.163135
0.133042
0.10366
0.109992
0.0799384
0.102412
0.127752
0.109507
0.146295
0.106788
0.0860385
0.0881205
0.0551136
0.0749166
0.0894157
0.0760037
0.0965892
0.062392
0.0513855
0.0507287
0.0501149
0.0372026
0.0754308
0.0837393
0.100656
0.102886
0.0957382
0.102759
0.0637991
0.113658
0.101257
0.140093
0.125045
0.1064
0.104933
0.0856626
0.135834
0.158234
0.119629
0.152298
0.155348
0.118146
0.11102
0.0897621
0.131925
0.114274
0.0923654
0.0973077
0.0626326
0.0656701
0.0685995
0.036357
0.0843239
0.0525956
0.0899122
0.0745503
0.0742482
0.0438033
0.0623746
0.0504828
0.0751216
0.121223
0.0586512
0.176873
0.0601437
0.11078
0.125658
0.0887799
0.183655
0.147573
0.175572
0.202588
0.0847105
0.0790344
0.0418498
0.0303956
0.0528962
0.0532713
0.0283986
0.0602868
0.175366
0.435822
0.155372
0.0243226
0.0418996
0.0289347
0.0206448
0.0168776
0.0148556
0.00979687
0.0215915
0.0262657
0.020911
0.0242974
0.0722119
0.0823792
0.0710149
0.0520519
0.0617984
0.0569977
0.0502598
0.0576533
0.0497117
0.0612894
0.0523955
0.0480745
0.0641516
0.043273
0.0601415
0.0463325
0.0394816
0.0372725
0.0447023
0.0328819
0.0347724
0.036053
0.0281672
0.039306
0.0262543
0.0395381
0.0324491
0.0377542
0.0404682
0.0317045
0.044685
0.0375611
0.0414843
0.0316487
0.0338801
0.0306435
0.0401339
0.0182059
0.0149382
0.0321076
0.0176878
0.0307886
0.0188217
0.0164261
0.0293371
0.0173482
0.017398
0.0266508
0.0175863
0.0328703
0.0155382
0.019897
0.0255676
0.0149823
0.0308653
0.0194834
0.0976748
0.118784
0.0742812
0.155342
0.124719
0.13946
0.142556
0.102759
0.0995999
0.100345
0.0901698
0.123152
0.10513
0.106935
0.112177
0.0639282
0.0814593
0.0492366
0.0582912
0.0721741
0.0689866
0.0704885
0.0717303
0.0609001
0.0512511
0.0554158
0.0523253
0.0871844
0.0933504
0.141495
0.1254
0.122973
0.109666
0.0643565
0.100657
0.095977
0.119512
0.13617
0.0845976
0.170962
0.142687
0.117646
0.182594
0.160704
0.141366
0.112047
0.0821557
0.117689
0.0714255
0.0823413
0.092482
0.0637563
0.113791
0.0533856
0.0435401
0.0686366
0.0343346
0.07488
0.0691813
0.0785104
0.0610948
0.0994881
0.0386722
0.0835433
0.0644616
0.0808423
0.163249
0.0680427
0.188309
0.135429
0.106558
0.142827
0.0969227
0.185143
0.169356
0.0925661
0.0593938
0.0368977
0.0379251
0.0664236
0.041169
0.0338793
0.0704472
0.204741
0.347233
0.093637
0.0318182
0.0566078
0.016925
0.0211705
0.0110205
0.0165765
0.0107977
0.0282932
0.0375966
0.0159791
0.0309282
0.0637304
0.0771897
0.0689709
0.0658503
0.084513
0.0553238
0.0504468
0.0586412
0.046313
0.061278
0.0444381
0.0536902
0.0573531
0.048416
0.0591024
0.0406086
0.0471945
0.0325086
0.0432885
0.029052
0.045503
0.0316753
0.039401
0.0352918
0.0290119
0.0483236
0.0278978
0.0384392
0.0373411
0.0410035
0.0437996
0.0353108
0.0388742
0.0346261
0.0362483
0.0269697
0.0397829
0.0126211
0.0297712
0.0270777
0.0168876
0.0302212
0.0118405
0.0263765
0.0241438
0.0116673
0.0235159
0.0223626
0.0207713
0.0291367
0.0133595
0.0327184
0.0181503
0.0158875
0.0264581
0.020414
0.178088
0.136355
0.0662922
0.121112
0.0751743
0.13157
0.135091
0.109298
0.149103
0.105769
0.0955679
0.104779
0.0711974
0.0979193
0.104207
0.0849273
0.116388
0.0513893
0.0683292
0.0425166
0.0465465
0.0524857
0.0789755
0.0675637
0.0735163
0.0835023
0.0690347
0.0619901
0.0599791
0.116731
0.109992
0.168562
0.127874
0.112916
0.100182
0.0652546
0.0934584
0.108545
0.110755
0.175691
0.103765
0.117023
0.168461
0.13616
0.1453
0.119062
0.129342
0.13348
0.0618417
0.0727833
0.0601163
0.0599548
0.106602
0.0474742
0.0947145
0.0574567
0.0485652
0.0683392
0.0481983
0.0548307
0.0641592
0.0966478
0.057886
0.135867
0.0397057
0.100618
0.0932245
0.0760171
0.19612
0.139567
0.185389
0.15725
0.103835
0.163634
0.108255
0.0990078
0.0467833
0.0250266
0.0418261
0.0645098
0.0334381
0.0676583
0.0937716
0.298687
0.230157
0.0396271
0.0264446
0.045443
0.0105366
0.0193157
0.0132046
0.0138628
0.00905552
0.0272684
0.029048
0.0255588
0.0651066
0.0659508
0.0805007
0.0616793
0.0608564
0.0842273
0.051969
0.0600854
0.0540934
0.0444484
0.0621668
0.0393097
0.0579813
0.0526132
0.0516459
0.0505218
0.0374657
0.0441213
0.028695
0.0362498
0.0259176
0.0373636
0.0241844
0.0402675
0.0272971
0.0353554
0.0377068
0.0221533
0.0393359
0.0285786
0.0358179
0.0337726
0.0335881
0.0315737
0.0308478
0.0288902
0.0213401
0.0302203
0.00775934
0.0228592
0.0190079
0.0206189
0.0206427
0.0103163
0.0210809
0.0154646
0.0141884
0.0199147
0.0100973
0.0200936
0.017799
0.0103491
0.0250734
0.00932279
0.0221139
0.0152884
0.027858
0.12097
0.0930563
0.10768
0.0903789
0.0574167
0.0788708
0.0588295
0.0718488
0.0954859
0.0757637
0.0974864
0.0698341
0.0503769
0.0598463
0.0403682
0.0523281
0.0671973
0.0477702
0.0585048
0.0340761
0.0328916
0.0250676
0.0349331
0.0283187
0.0485366
0.0551313
0.056181
0.0575364
0.0489202
0.0523524
0.0425069
0.0738938
0.065425
0.0858039
0.0687446
0.0535925
0.0563201
0.0467543
0.0765537
0.0844181
0.0597948
0.0730362
0.0701862
0.0566708
0.0512127
0.0406444
0.0573281
0.0489453
0.0327186
0.0334929
0.0209276
0.020922
0.0230895
0.0114264
0.02635
0.0152375
0.0222776
0.0171931
0.0163234
0.0101445
0.0136561
0.0128535
0.0135525
0.0247495
0.00876145
0.0255859
0.00885689
0.0121169
0.0195142
0.0125098
0.0213213
0.0166548
0.0155667
0.0180234
0.00680926
0.00595322
0.00260471
0.00149319
0.00266391
0.00269539
0.00110807
0.00215139
0.00507819
0.0125269
0.00418571
0.00037843
0.000483876
0.000413195
0.000141722
0.000134323
7.51252e-005
4.02573e-005
3.24424e-005
3.7107e-005
2.29307e-005
2.84869e-006
1.13355e-006
-8.79157e-008
-1.78241e-009
1.26824e-009
-1.45657e-010
4.21944e-012
1.15886e-012
-2.0188e-013
1.28926e-014
6.80674e-016
-2.4107e-016
2.36658e-017
-2.73758e-019
-2.4239e-019
3.50652e-020
-1.75589e-021
-1.81747e-022
4.45307e-023
-3.71276e-024
-3.59856e-026
4.83972e-026
-5.93518e-027
2.10519e-028
4.21514e-029
-8.01399e-030
5.57096e-031
2.10689e-032
-9.32059e-033
9.76731e-034
-1.86946e-035
0.132407
0.149807
0.167918
0.215933
0.123703
0.086695
0.0949175
0.079983
0.0424853
0.0439942
0.0366131
0.0227629
0.0239052
0.0220986
0.0269289
0.0222228
0.0167877
0.0159318
0.0137171
0.0133114
0.0149312
0.0119499
0.00678368
0.00658885
0.00560657
0.00492448
0.00311962
0.00205544
0.00146591
0.0130433
0.013163
0.0138535
0.00937334
0.00627617
0.00533475
0.00319235
0.0016865
0.00139625
0.00146408
0.000635188
0.000497672
0.000697372
0.000366317
0.000268729
0.013477
0.0131496
0.0136579
0.00906897
0.00628234
0.00529202
0.00312175
0.00164364
0.00136721
0.00145204
0.000612983
0.000506918
0.000681072
0.000353697
0.000273738
0.000102328
-8.60929e-006
-7.24904e-008
0.0142153
0.013149
0.0134108
0.0087479
0.00625509
0.00523996
0.00302449
0.00160279
0.00133575
0.00143377
0.000586833
0.000514731
0.000664123
0.000338175
0.000277638
0.0147966
0.0131599
0.0132712
0.00853939
0.00628088
0.00519044
0.00294077
0.00157863
0.00130805
0.00141821
0.000564062
0.000517389
0.000651178
0.000324327
0.000279113
8.23976e-005
-8.22633e-006
1.1162e-007
0.0152868
0.0131773
0.0131495
0.00833123
0.00628319
0.00515697
0.00284765
0.00157327
0.00127967
0.00139091
0.00053682
0.000523538
0.000643237
0.00030816
0.000277684
0.015603
0.0131336
0.0130795
0.00814073
0.00626234
0.00511498
0.00277825
0.00156522
0.00126492
0.00136136
0.000516013
0.000530043
0.000639819
0.000295403
0.000274415
6.42479e-005
-7.56668e-006
2.44918e-007
0.0158048
0.0130232
0.0129612
0.00786158
0.00621693
0.0050554
0.00269622
0.00156179
0.00125112
0.00132031
0.000490679
0.000537279
0.00063777
0.00028172
0.000270056
0.015889
0.0129347
0.0128618
0.00765884
0.00619464
0.00503093
0.00264129
0.00155
0.00125227
0.00128553
0.000473412
0.000545976
0.000631032
0.000269788
0.000262359
4.82248e-005
-6.73948e-006
2.07538e-005
0.016009
0.0128644
0.0128127
0.00748793
0.00614276
0.00496643
0.00255394
0.00152109
0.001275
0.00123897
0.00045677
0.000558029
0.000623694
0.000256611
0.000320986
0.0160505
0.0128118
0.0127459
0.00736892
0.00610234
0.00489211
0.00249173
0.00149923
0.00130937
0.00119907
0.000441936
0.000565466
0.000618105
0.000245549
0.000246726
3.44767e-005
-5.83083e-006
0.000159778
0.0160013
0.0128177
0.0125715
0.00720268
0.00605325
0.00478024
0.00240917
0.00148835
0.00133755
0.00115512
0.000423833
0.000569151
0.000612227
0.00023592
0.000536746
0.0158306
0.0129855
0.0124839
0.0070669
0.00598528
0.00468513
0.00235521
0.00148379
0.00135623
0.00112016
0.000412506
0.000573829
0.000613318
0.000227714
0.000230344
2.30037e-005
-4.90629e-006
0.000746114
0.0155992
0.0131594
0.0124683
0.00689779
0.0059011
0.00455752
0.00228938
0.00149503
0.00138485
0.00107638
0.000398638
0.000598175
0.000608554
0.000217381
0.00145343
0.0153475
0.0134219
0.0124143
0.00675697
0.00583251
0.00443643
0.00224152
0.00150774
0.0014065
0.00103969
0.000387581
0.000619076
0.000599973
0.000212725
0.000217724
1.36991e-005
-4.01363e-006
0.0020571
0.0149757
0.0137237
0.012285
0.00663852
0.0058057
0.00430344
0.00218037
0.0015191
0.00142233
0.00100606
0.000377187
0.000639269
0.000586395
0.000212995
0.0029635
0.0146422
0.0139084
0.0122074
0.00656389
0.00578556
0.00418467
0.00214328
0.00152859
0.00143727
0.000988535
0.000375512
0.000660706
0.000573141
0.000212821
0.000205947
6.38507e-006
-3.18561e-006
0.00371559
0.0142785
0.014077
0.0121859
0.00647031
0.00572007
0.00403763
0.00210239
0.00153716
0.00146594
0.000964995
0.000377608
0.000683494
0.000558263
0.000211325
0.00459931
0.0139688
0.0142302
0.0121445
0.00637466
0.00568533
0.00394219
0.00207142
0.00154556
0.0014805
0.000941834
0.000380748
0.000694524
0.000542908
0.000211185
0.000198808
8.40956e-007
-2.4427e-006
0.00540256
0.0136343
0.0143881
0.01201
0.00631057
0.00565757
0.00383529
0.00202175
0.00156121
0.0014856
0.000911768
0.000385925
0.000703298
0.00052353
0.000210979
0.00641694
0.0134017
0.014414
0.0118342
0.00629
0.0056388
0.00373912
0.00198072
0.00157386
0.0014864
0.000883954
0.00709244
0.0132182
0.0144049
0.011684
0.00629443
0.00562873
0.0036691
0.00196568
0.00157653
0.00148631
0.000861958
0.00762233
0.013125
0.0143805
0.0115126
0.00631459
0.00560326
0.00361259
0.00195505
0.00157079
0.00148698
0.000840065
0.000406457
0.000717684
0.000478046
0.000213771
0.000177886
-5.12299e-006
-1.41924e-006
0.00828937
0.0130462
0.0143696
0.0111813
0.00632475
0.00558312
0.00352869
0.00192353
0.0015534
0.00148074
0.000807516
0.000421323
0.000723577
0.000456524
0.000219641
0.00917932
0.0129564
0.0143277
0.0108679
0.00632819
0.00555093
0.00347351
0.00188313
0.001534
0.00147131
0.000777123
0.000433859
0.000726898
0.000440965
0.000224171
0.000159223
-7.12961e-006
-9.36083e-007
0.0101119
0.0129556
0.0142319
0.0104609
0.00632791
0.00551261
0.00340805
0.00184028
0.00150291
0.00145497
0.00073861
0.000446101
0.000728676
0.000419676
0.00023308
0.0109435
0.0130551
0.0141837
0.0101502
0.00632434
0.0054915
0.00335732
0.00180184
0.00147027
0.00144906
0.000707447
0.00046074
0.000725333
0.000401404
0.000243223
0.000138386
-8.235e-006
-5.45777e-007
0.0117887
0.0131963
0.0141086
0.00982893
0.00629604
0.00542775
0.00329221
0.00175445
0.00143457
0.00146703
0.000676904
0.000479823
0.000716195
0.000384798
0.000256487
0.0125301
0.013217
0.0139513
0.00953513
0.00627687
0.00536983
0.00322888
0.00171107
0.00140961
0.00146875
0.0006497
0.000492549
0.000704668
0.000373093
0.000265148
0.000116966
-8.64233e-006
-2.40323e-007
0.0132437
0.0131713
0.0137222
0.00917115
0.00628264
0.00530529
0.00314523
0.00165832
0.0013773
0.00145634
0.000620125
0.000503723
0.000686693
0.000357673
0.000272366
0.0138853
0.0131291
0.0135308
0.00887094
0.00626721
0.00526838
0.00307001
0.00161964
0.00134941
0.00143993
0.0005986
0.000511945
0.000671923
0.000345212
0.000276154
9.61307e-005
-8.52997e-006
-1.00174e-008
0.0146063
0.0131565
0.0133135
0.0086131
0.00627235
0.00520692
0.00296899
0.0015835
0.0013169
0.0014245
0.000571728
0.000516888
0.000655333
0.000328935
0.000278914
0.0150951
0.0131753
0.0132057
0.00841163
0.00628513
0.00517086
0.00288711
0.0015773
0.0012916
0.00140393
0.000548094
0.000520502
0.000645653
0.000315273
0.000278595
7.66893e-005
-8.05018e-006
1.55617e-007
0.0155063
0.0131576
0.0131032
0.00820887
0.00626822
0.00513001
0.00280078
0.00156775
0.00127055
0.00137201
0.000522704
0.000527659
0.000639498
0.000299587
0.000275716
0.0157381
0.0130709
0.0130228
0.00798662
0.00623791
0.00507366
0.00273016
0.00156497
0.0012561
0.00133884
0.000502124
0.000534427
0.000639713
0.000287687
0.000271158
5.91576e-005
-7.32933e-006
7.54432e-007
0.0158609
0.0129634
0.0128859
0.00771717
0.00620644
0.00504273
0.00266134
0.00155566
0.0012506
0.00129722
0.000478777
0.000542343
0.000633448
0.000273895
0.000272577
0.0159461
0.0128884
0.0128412
0.00755331
0.00617015
0.00500045
0.00259529
0.00153503
0.00125908
0.00126046
0.000464297
0.000552182
0.000626452
0.000262464
0.000258001
4.3816e-005
-6.46935e-006
4.98235e-005
0.0160482
0.0128295
0.0127779
0.00741206
0.00611648
0.00491967
0.00251292
0.001507
0.00129943
0.00121175
0.000533386
0.0160478
0.0128136
0.0126996
0.007096
0.0158448
0.0127618
0.012669
0.00727609
0.0060796
0.00482985
0.00244551
0.00148947
0.00132643
0.00117332
0.000431475
0.000567888
0.000613831
0.000239814
0.00024115
3.0763e-005
-5.54983e-006
3.67306e-007
1.70203e-008
-6.55637e-009
6.61186e-010
-9.75093e-012
-6.49578e-012
9.68108e-013
-5.07871e-014
-4.71444e-015
1.21674e-015
-1.04405e-016
-5.94552e-019
1.30612e-018
-1.64605e-019
6.26335e-021
1.1132e-021
-2.19922e-022
1.58e-023
5.10913e-025
-2.52963e-025
2.72251e-026
-6.01488e-028
-2.41197e-028
3.87632e-029
-2.25577e-030
-1.59568e-031
4.74965e-032
-4.36326e-033
1.45946e-035
4.94032e-035
-6.66227e-036
2.94212e-037
3.97078e-038
-8.67734e-039
6.72989e-040
1.36451e-041
-9.70839e-042
1.115e-042
-3.22989e-044
-8.87114e-045
1.54539e-045
-9.8692e-047
-5.21069e-048
1.8454e-048
-1.81161e-049
2.09544e-051
1.85551e-051
-2.68424e-052
1.34412e-053
1.39129e-054
-3.40883e-055
2.8421e-056
2.75501e-058
-3.70482e-058
4.54337e-059
-1.61148e-060
-3.22673e-061
6.13471e-062
-4.26453e-063
0.0215228
0.176804
0.127021
0.216938
0.150898
0.0823979
0.0916599
0.0860531
0.0602611
0.0454095
0.0401177
0.0295695
0.0226497
0.0238149
0.0234572
0.0251056
0.0152072
0.0154991
0.0176157
0.0114064
0.0146889
0.012237
0.0110198
0.0139536
0.0139811
0.0122084
0.0065156
0.00575176
0.00410037
0.00520315
0.0141818
0.0140662
0.0121903
0.00647671
0.00572291
0.00404497
0.00210461
0.00153632
0.00146483
0.000966411
0.004486
0.0140529
0.0141778
0.012163
0.00844541
0.0136582
0.0142175
0.012153
0.00637874
0.005689
0.00394799
0.00207386
0.00154493
0.00147966
0.000943425
0.0052175
0.0137765
0.0143316
0.0120788
0.00633487
0.00566466
0.00388352
0.00660139
0.0135366
0.0143827
0.0120205
0.0063117
0.00565872
0.00384159
0.00202439
0.00156
0.00148529
0.000913556
0.00623106
0.0134686
0.0144135
0.0119002
0.00949688
0.0131043
0.0144183
0.0118512
0.00629033
0.0056407
0.00374577
0.00198308
0.00157326
0.00148628
0.000885944
0.00704311
0.0132312
0.0144052
0.0116983
0.00629353
0.00562977
0.0036747
0.00818386
0.0130814
0.0143984
0.0115927
0.00630402
0.00561715
0.00363574
0.00195957
0.00157442
0.00148708
0.000849704
0.00788955
0.013082
0.0143715
0.0114141
0.0104229
0.0127822
0.014378
0.0113442
0.00632616
0.00558695
0.00356693
0.00194051
0.00156174
0.00148332
0.000822055
0.00860224
0.0130161
0.0143649
0.0111192
0.00632223
0.00557978
0.00351336
0.00957093
0.0129014
0.0143427
0.0109768
0.00632591
0.00556565
0.00349021
0.00189662
0.00154092
0.00147493
0.000787652
0.00959151
0.0129348
0.0143065
0.0107358
0.0115905
0.0126801
0.0142978
0.0106479
0.00632592
0.00552771
0.00343637
0.0018594
0.00151851
0.00146174
0.000755639
0.0103914
0.0129417
0.014215
0.010391
0.00633092
0.0055077
0.00339831
0.0111972
0.0129354
0.0141902
0.0102448
0.00633016
0.0055002
0.00337477
0.00181597
0.00148138
0.00145073
0.000717371
0.0112892
0.0131009
0.0141794
0.0100433
0.0127478
0.0129176
0.0141793
0.00997357
0.0063086
0.00545946
0.00332196
0.00177437
0.00145095
0.00145977
0.000690757
0.0120254
0.013194
0.0140789
0.00977365
0.00628862
0.00541787
0.00328109
0.0126524
0.0131507
0.0140103
0.00963616
0.00627742
0.00538939
0.00325163
0.00172627
0.00141781
0.00146972
0.000658976
0.0128214
0.0131979
0.0138784
0.00941288
0.0138253
0.0130018
0.0138377
0.00933339
0.00627849
0.00532568
0.00318282
0.00168109
0.00139254
0.00146274
0.000632043
0.0134264
0.0131504
0.0136841
0.00911017
0.00628276
0.00529754
0.00313109
0.0138835
0.0130823
0.0136002
0.00896758
0.00627673
0.00528026
0.00309668
0.0016308
0.00135764
0.00144656
0.000605938
0.014175
0.0131361
0.0134416
0.00877556
0.0148433
0.0129901
0.0133956
0.0087207
0.00625709
0.00523241
0.00301349
0.00159844
0.00133192
0.00143218
0.000583839
0.0147494
0.0131519
0.0132896
0.00856961
0.00627815
0.0051972
0.00295233
0.0150691
0.013128
0.0132377
0.00846444
0.00628281
0.005177
0.00291305
0.0015782
0.0012987
0.00141136
0.000556153
0.0152615
0.0131712
0.0131652
0.00835272
0.0155923
0.0130475
0.0131512
0.00830829
0.00628095
0.00515218
0.00283859
0.00157239
0.00127756
0.00138737
0.000534005
0.0155802
0.0131374
0.013088
0.00816877
0.0062648
0.00512126
0.0027873
0.0157184
0.0130724
0.013058
0.00806611
0.00625218
0.00509587
0.00275443
0.00156575
0.00126028
0.00134995
0.000509148
0.0158003
0.0130281
0.0129769
0.00789181
0.0158535
0.0129133
0.0129572
0.00783186
0.00621598
0.00505352
0.0026898
0.00156115
0.001251
0.00131567
0.000488795
0.015879
0.0129413
0.0128697
0.00768077
0.0061996
0.0050362
0.00264423
0.0159011
0.0128876
0.0128519
0.00760387
0.00618217
0.00501749
0.00261911
0.00154317
0.00125561
0.0012734
0.00048548
0.015994
0.0128652
0.0128209
0.00741953
0.0158977
0.0127857
0.0128179
0.00747218
0.00613548
0.00495728
0.00254391
0.00151806
0.00127976
0.00123346
0.00151901
0.169863
0.118281
0.213266
0.170505
0.0941263
0.0917848
0.0928982
0.0681293
0.0444066
0.042172
0.0329065
0.0223293
0.0237687
0.0223721
0.0261999
0.0170179
0.015569
0.0175892
0.0106236
0.0130979
0.0127388
0.0109411
0.015746
0.0127434
0.0125659
0.00718214
0.00604452
0.00476668
0.0025236
0.0158193
0.0129072
0.0125128
0.00711637
0.00601425
0.00472055
0.0023776
0.00148497
0.00134744
0.00113475
0.000798376
0.0157675
0.0130265
0.0124836
0.00677367
0.0154472
0.0130181
0.0124871
0.00697988
0.00594406
0.00462313
0.00232157
0.00148353
0.00137065
0.00109904
0.00119414
0.0155518
0.0131918
0.0124632
0.00688032
0.00589228
0.00454188
0.00306749
0.0153562
0.0133108
0.0124408
0.00681636
0.00585546
0.00448465
0.00226065
0.00150449
0.00139784
0.00105276
0.00180012
0.0152408
0.0135147
0.0123856
0.00708171
0.0148498
0.0135629
0.0123637
0.00669101
0.00582411
0.00436802
0.00220921
0.00151104
0.0014161
0.00102106
0.00249045
0.0149139
0.0137535
0.0122688
0.00662565
0.005801
0.00428798
0.0042279
0.0146603
0.0138423
0.0122202
0.00659275
0.00579598
0.00423364
0.00215708
0.00152487
0.00143121
0.00099539
0.00335317
0.0145304
0.013957
0.0121994
0.00787625
0.0141277
0.0139882
0.0122049
0.00652054
0.00575619
0.00410817
0.00212292
0.00153046
0.00145407
0.000977815
0.00410426
0.0142159
0.0140919
0.0121803
0.00645634
0.00571792
0.00402505
0.00561362
0.013975
0.0141647
0.0121675
0.00640517
0.00570495
0.00397966
0.00208497
0.00154289
0.00147452
0.000951186
0.00496222
0.0138739
0.0142822
0.0121173
0.00870977
0.0134814
0.0143224
0.0120908
0.00633864
0.00566478
0.00388929
0.00204718
0.00155136
0.00148463
0.0009273
0.00576188
0.0135823
0.0143971
0.0119912
0.00630787
0.005655
0.00382247
0.00712147
0.0133902
0.0144136
0.0119137
0.00629442
0.00564766
0.00377807
0.00199642
0.00156969
0.0014858
0.000895522
0.00678538
0.01331
0.0144084
0.0117677
0.00981805
0.0129478
0.0144117
0.0117148
0.00629272
0.00563071
0.00368063
0.00196856
0.00157662
0.00148629
0.000865977
0.00752803
0.0131444
0.0143875
0.0115447
0.00630966
0.0056087
0.00362145
0.00858811
0.0129999
0.0143748
0.0114318
0.00632287
0.00559277
0.00359112
0.00194882
0.00156638
0.0014859
0.000831249
0.00835072
0.0130342
0.0143709
0.0112235
0.0107312
0.0127498
0.0143771
0.0111414
0.00632221
0.00558115
0.00351857
0.00191866
0.00155109
0.00147984
0.000803703
0.00913068
0.0129594
0.0143306
0.0109119
0.00632815
0.00555678
0.00348051
0.0100929
0.012861
0.014314
0.0107578
0.00632402
0.00553602
0.00345474
0.00187146
0.00152684
0.00146683
0.000766312
0.0101334
0.0129379
0.0142443
0.0105083
0.0119508
0.0127009
0.0142331
0.0104147
0.00632989
0.00550916
0.00340141
0.0018358
0.00149888
0.00145448
0.000734433
0.0108947
0.0130324
0.0141839
0.0101877
0.00632751
0.0054955
0.00336455
0.0116421
0.0130257
0.0141852
0.010061
0.00631418
0.00547801
0.00334025
0.00178658
0.00146082
0.00145335
0.000698929
0.011778
0.0131709
0.0141269
0.00986485
0.0131081
0.012986
0.0141032
0.00979294
0.00629104
0.0054214
0.00328491
0.00174912
0.00143093
0.00146807
0.000673333
0.0124782
0.0132107
0.013975
0.00957563
0.00627749
0.00537742
0.00323787
0.0130522
0.0131453
0.0138958
0.00943283
0.00627429
0.00534872
0.00320644
0.00169498
0.00140156
0.00146616
0.000640394
0.0132232
0.013163
0.0137471
0.00921142
0.00628292
0.00530956
0.0031548
0.00166418
0.00138124
0.00145794
0.000622938
0.000502408
0.000688968
0.000359291
0.000271722
0.000106734
-8.64273e-006
-1.19914e-007
1.1741e-007
-1.40149e-008
4.60313e-010
1.04367e-010
-1.9126e-011
1.28521e-012
5.61076e-014
-2.24881e-014
2.29456e-015
-3.69552e-017
-2.21334e-017
3.34256e-018
-1.78814e-019
-1.58225e-020
4.18196e-021
-3.63324e-022
-1.45448e-024
4.46451e-024
-5.69441e-025
2.23019e-026
3.76772e-027
-7.57319e-028
5.51809e-029
1.65788e-030
-8.6685e-031
9.43871e-032
-2.20474e-033
-8.2052e-034
1.33732e-034
-7.91885e-036
0.156167
0.131206
0.194952
0.19696
0.10975
0.0892336
0.0929267
0.074947
0.0414233
0.043523
0.0348114
0.0224739
0.0245538
0.021552
0.0279364
0.0195442
0.0165786
0.0168631
0.0115788
0.0129298
0.0141838
0.0118033
0.016083
0.0129435
0.0131127
0.0081821
0.00626542
0.00512425
0.00279174
0.0157066
0.0130782
0.0130636
0.00808149
0.00625443
0.00509999
0.00275922
0.00156571
0.00126107
0.00135224
0.000510537
0.0157926
0.0130341
0.0129851
0.00790763
0.0158536
0.0129193
0.0129656
0.00784616
0.00621648
0.00505428
0.00269297
0.00156151
0.00125107
0.001318
0.000489971
0.0158739
0.0129465
0.0128741
0.00769217
0.00620191
0.00503851
0.00264818
0.015898
0.012892
0.0128539
0.00761504
0.00618446
0.00502055
0.00262371
0.00154464
0.00125508
0.00127589
0.000484286
0.0159866
0.0128678
0.0128252
0.00743361
0.0158965
0.012789
0.0128204
0.00747975
0.00613858
0.00496172
0.0025488
0.00151954
0.00127736
0.00123623
0.000510805
0.0160474
0.012816
0.0127659
0.00739552
0.00611008
0.00490893
0.00254494
0.0159946
0.0127967
0.0127196
0.00733049
0.00609493
0.00486736
0.00247357
0.001494
0.0013159
0.00118887
0.00057377
0.0160139
0.0128046
0.0126038
0.00696837
0.0157646
0.0127774
0.01257
0.00719236
0.00604901
0.00477341
0.00240508
0.00148806
0.00133868
0.00115297
0.000673265
0.0158583
0.0129536
0.0124925
0.00709266
0.00599979
0.00470345
0.00259176
0.0157023
0.0130079
0.0124861
0.00702958
0.00596836
0.00465877
0.00234013
0.00148225
0.00136317
0.00111095
0.0010529
0.0156275
0.0131135
0.0124746
0.00681321
0.0152877
0.0131442
0.0124735
0.00688836
0.00589678
0.00454976
0.00228618
0.00149636
0.00138621
0.00107378
0.00151757
0.015395
0.0133695
0.0124277
0.00678755
0.00584134
0.00446075
0.00333603
0.0151702
0.0134899
0.0123942
0.00672393
0.00582993
0.00440629
0.00222738
0.00150849
0.0014112
0.00103105
0.00225711
0.0150214
0.0136757
0.0123081
0.00730979
0.0146229
0.013722
0.012283
0.00663157
0.0058029
0.00429578
0.00217722
0.00151964
0.00142346
0.00100463
0.00295618
0.0146928
0.0138788
0.0122128
0.00657937
0.00579153
0.00420951
0.00464198
0.0144547
0.0139425
0.0122016
0.00654327
0.00577483
0.00415093
0.0021348
0.00152989
0.00144528
0.000983925
0.00386332
0.0143202
0.0140517
0.0121933
0.00813085
0.0139169
0.014078
0.0121876
0.0064629
0.00571886
0.00403135
0.00210052
0.00153795
0.001467
0.000963554
0.00457879
0.0140143
0.0142
0.0121567
0.00638977
0.00569602
0.00396054
0.00601514
0.013796
0.0142718
0.012125
0.00635889
0.00567255
0.00391971
0.00206096
0.00154864
0.00148309
0.000935459
0.00548046
0.01367
0.0143696
0.0120371
0.00902132
0.0132869
0.0143947
0.0120043
0.00630885
0.00565622
0.00382892
0.00201904
0.00156234
0.00148584
0.000910002
0.00634725
0.0134389
0.0144138
0.0118746
0.00629165
0.0056437
0.00375891
0.00761606
0.0132365
0.0144117
0.0117818
0.00628801
0.00563379
0.00371291
0.00197528
0.00157566
0.00148679
0.00087591
0.00728478
0.0131841
0.0144006
0.0116234
0.0101009
0.0128633
0.0143979
0.0115627
0.00630728
0.00561151
0.00362587
0.0019579
0.00157313
0.00148711
0.000845539
0.00797455
0.0130724
0.0143691
0.0113788
0.00632567
0.00558893
0.00357698
0.00898275
0.0129547
0.0143731
0.0112447
0.0063269
0.00558453
0.00354293
0.00193037
0.00155661
0.00148156
0.000813076
0.00884731
0.0129936
0.0143481
0.0110178
0.0110701
0.0127053
0.0143428
0.0109353
0.00632733
0.00555981
0.00348388
0.00189131
0.00153807
0.00147358
0.000783463
0.00970566
0.0129307
0.0142974
0.0106915
0.00632555
0.00553059
0.00344298
0.0105899
0.0128628
0.0142542
0.010532
0.00632471
0.00551797
0.00341918
0.00184679
0.00150904
0.00145698
0.00074481
0.0106525
0.0129845
0.0141885
0.0102847
0.0123034
0.0127951
0.0141975
0.0102072
0.00632842
0.00549722
0.00336808
0.00181047
0.00147696
0.00144932
0.00071317
0.13054
0.150467
0.166631
0.216334
0.124186
0.0863651
0.0950304
0.0802844
0.0427562
0.0438511
0.0366718
0.02279
0.0238244
0.0221518
0.0268106
0.0223136
0.0167624
0.0159148
0.0138136
0.0132964
0.0149497
0.0119413
0.00678476
0.0065801
0.00563009
0.00491953
0.00312384
0.0020611
0.00146004
0.00160661
0.00150598
0.00133983
0.000687077
0.000358275
0.000588361
0.000770784
0.00058373
0.000255008
0.000244536
0.00018411
6.07004e-005
-6.73952e-006
1.71484e-007
5.67405e-008
-9.47158e-009
5.76998e-010
3.55983e-011
-1.14636e-011
1.08738e-012
-8.02618e-015
-1.17353e-014
1.63619e-015
-7.69328e-017
-9.13733e-018
2.10535e-018
-1.69128e-019
-2.54294e-021
2.32337e-021
-2.75336e-022
8.84622e-024
2.07627e-024
-3.76831e-025
2.5087e-026
1.13633e-027
-4.44365e-028
4.50153e-029
-6.87515e-031
-4.39143e-031
6.57813e-032
-3.47718e-033
-3.16886e-034
8.2531e-035
-7.11575e-036
-3.58584e-038
8.84064e-038
-1.11931e-038
4.30719e-040
7.50651e-041
-1.49282e-041
1.07836e-042
3.39102e-044
-1.71387e-044
1.85284e-045
-4.18414e-047
-1.62959e-047
2.6331e-048
-1.54266e-049
-1.07031e-050
3.22064e-051
-2.9724e-052
1.17034e-054
3.34237e-054
-4.52887e-055
2.01876e-056
2.6746e-057
-5.88835e-058
4.59028e-059
8.9514e-061
-6.57512e-061
7.58555e-062
-2.23228e-063
-5.98933e-064
1.04944e-064
-6.74295e-066
-3.48459e-067
1.25091e-067
-1.23359e-068
1.49381e-070
1.25469e-070
-1.82412e-071
9.20771e-073
9.35819e-074
-2.31249e-074
1.93745e-075
1.74519e-077
-2.50811e-077
3.08989e-078
-1.10948e-079
-2.17669e-080
4.16471e-081
-2.91139e-082
-1.07353e-083
4.83477e-084
-5.08926e-085
9.9964e-087
4.67265e-087
-7.31472e-088
4.11414e-089
3.19839e-090
-9.0411e-091
8.11629e-092
-2.90844e-095
-9.50815e-094
1.2526e-094
-5.2733e-096
-7.80504e-097
1.64567e-097
-1.24406e-098
-3.01182e-100
1.85896e-100
-2.08806e-101
5.56792e-103
1.72445e-103
-2.92049e-104
1.80865e-105
1.05886e-106
-3.51847e-107
3.37714e-108
-2.98488e-110
-3.58004e-110
5.05455e-111
-2.42985e-112
-2.75281e-113
6.47463e-114
-5.26854e-115
-6.93615e-117
7.10812e-117
-8.52285e-118
2.83679e-119
6.29758e-120
-1.16104e-120
7.84658e-122
3.34726e-123
-1.36268e-123
1.39659e-124
-2.32061e-126
-1.33778e-126
2.03053e-127
-1.09422e-128
-9.50711e-130
2.53607e-130
-2.21367e-131
-7.45896e-134
2.70171e-133
-3.46179e-134
1.37036e-135
2.27137e-136
-4.59594e-137
3.36659e-138
9.82704e-140
-5.25086e-140
5.74274e-141
-1.36878e-142
-4.95629e-143
8.12154e-144
-4.84054e-145
-3.19303e-146
9.88844e-147
-9.23584e-148
5.03306e-150
1.02019e-149
-1.39953e-150
6.3876e-152
8.06921e-153
-1.81144e-153
1.43078e-154
2.5085e-156
-2.01245e-156
2.34892e-157
-7.18973e-159
-1.8182e-159
3.23441e-160
-2.11082e-161
-1.03111e-162
3.83742e-163
-3.82882e-164
5.16757e-166
3.82454e-166
-5.6325e-167
2.90158e-168
2.81282e-169
-7.10833e-170
6.03051e-171
4.37898e-173
-7.66839e-173
9.5597e-174
-3.54002e-175
-6.59321e-176
1.28259e-176
-9.09585e-178
-3.13569e-179
1.48182e-179
-1.578e-180
3.3027e-182
1.42213e-182
-2.25687e-183
1.29237e-184
9.56604e-186
-2.77687e-186
2.52311e-187
-4.87156e-190
-2.90367e-189
3.87215e-190
-1.67195e-191
-2.3578e-192
5.06423e-193
-3.88017e-194
-8.58762e-196
5.69209e-196
-6.46821e-197
1.80293e-198
5.2392e-199
-9.00388e-200
5.667e-201
3.14503e-202
-1.07975e-202
1.04866e-203
-1.07733e-205
-1.09189e-205
1.56124e-206
-7.66888e-208
-8.28788e-209
1.99088e-209
-1.6408e-210
-1.85975e-212
2.17424e-212
-2.63778e-213
9.0819e-215
1.90937e-215
-3.57675e-216
2.45335e-217
9.83752e-219
-4.17808e-219
0.0814507
0.269493
0.0310897
-0.00131797
-0.00016588
3.72953e-005
-2.9488e-006
0.0940751
0.262866
0.0298747
-0.00137108
0.101439
0.259161
0.0291947
-0.00139834
-0.000140629
3.49232e-005
-2.93414e-006
-2.52776e-008
3.78323e-008
-4.6731e-009
1.68971e-010
0.122413
0.293972
0.0424916
0.00388951
-0.000650172
3.96715e-005
2.43525e-006
0.136701
0.286275
0.041345
0.00359677
0.144375
0.281947
0.0407
0.00343382
-0.000615953
4.05356e-005
1.91924e-006
-7.2893e-007
7.3193e-008
-1.04246e-009
-7.23936e-010
0.164815
0.323299
0.0548438
0.0128926
-0.000873095
-3.69351e-005
1.51219e-005
0.179966
0.315272
0.0533917
0.0124279
0.185949
0.340572
0.061678
0.0179365
-0.000561247
-0.000137231
2.46309e-005
0.20227
0.332205
0.0601876
0.0175491
0.210487
0.389268
0.0757741
0.0284773
0.00277947
-0.00053112
3.70867e-005
0.226833
0.38112
0.0742172
0.0279326
0.239054
0.459649
0.100689
0.0489234
0.0176167
0.000277675
-0.000236048
0.251988
0.491355
0.118955
0.0686855
0.0962951
0.161662
0.140144
0.217651
0.136768
0.0803781
0.0934569
0.082373
0.0503297
0.0438384
0.0383216
0.0257004
0.0224551
0.0232654
0.024164
0.0241223
0.0153507
0.0157352
0.0160463
0.0128981
0.0154376
0.0120994
0.0677309
0.0247004
-0.00335734
0.000150564
1.97079e-005
-4.36016e-006
3.41035e-007
0.0492269
0.00735499
-0.00154482
0.00011645
0.064043
0.0103502
-0.00206284
0.000149279
4.65083e-006
-2.36684e-006
2.56254e-007
0.00103155
0.00255078
0.00308727
0.003029
0.0718429
0.0203328
-0.00307354
0.000164648
1.45194e-005
-3.84415e-006
3.34269e-007
0.00120481
0.00313926
0.00141867
-0.000126658
0.056832
0.00498891
-0.0013239
0.000115255
4.2944e-007
-1.41205e-006
1.80464e-007
0.0731333
0.00683386
-0.0017436
0.000148695
0.00124318
0.00258231
0.00304669
0.0030708
0.00188512
-0.000103849
-8.52898e-006
0.0619618
0.0054755
-0.00144817
0.000125858
0.0804074
0.0142639
-0.00263089
0.000177876
7.57517e-006
-3.0874e-006
3.16524e-007
0.00130609
0.00251121
0.00296692
0.0031233
0.0784346
0.132939
0.128895
0.131597
0.0961738
-0.001915
-0.000879601
0.000138086
-7.79599e-006
-5.9993e-007
1.70515e-007
0.0350518
-0.000423528
-0.000356635
5.18363e-005
-2.61554e-006
-2.66067e-007
6.572e-008
0.0345574
-0.000560219
-0.000332861
5.03207e-005
0.0957875
0.0249008
-0.00360556
0.000180818
1.86527e-005
-4.57737e-006
3.81984e-007
0.0727571
0.00673893
-0.00174074
0.000149436
0.0947177
0.0199105
-0.00325242
0.000193118
1.28831e-005
-3.96403e-006
3.69265e-007
0.00145974
0.00231133
0.00306106
0.00316853
0.102025
0.0197985
-0.00326647
0.000196281
1.26327e-005
-3.96834e-006
3.72777e-007
0.00171451
0.00308806
0.00287303
3.16996e-005
0.0785015
0.00414234
-0.00146756
0.000144086
-1.66868e-006
-1.4755e-006
2.13479e-007
0.100692
0.0141884
-0.00281059
0.000202372
0.00166437
0.002298
0.00299747
0.00314526
0.00308351
0.00244583
2.19769e-005
0.0816055
0.00532024
-0.00165878
0.000155354
0.106351
0.013421
-0.00276328
0.000205183
5.54463e-006
-3.14182e-006
3.47557e-007
0.00162423
0.0023129
0.00301738
0.00311326
0.105889
0.134535
0.134722
0.0473914
-0.00457013
4.3009e-005
4.81032e-005
-6.82569e-006
3.30972e-007
3.68004e-008
-8.72774e-009
0.00839076
-0.000608255
-1.87791e-005
9.6215e-006
-1.0432e-006
2.38875e-008
9.13169e-009
0.0080725
-0.00060998
-1.48093e-005
9.12022e-006
0.0953713
0.000249528
-0.00115454
0.000148749
-5.963e-006
-9.66159e-007
1.97071e-007
0.051982
-0.00201279
-0.000346971
6.92595e-005
0.0683957
-0.00242146
-0.000486336
9.23762e-005
-6.41614e-006
-2.43572e-007
1.07467e-007
0.00199703
0.00294552
0.00308938
0.00303018
0.0924556
-0.0011347
-0.000938383
0.000136631
-6.91344e-006
-6.98766e-007
1.73573e-007
0.0024062
0.00313729
0.000245673
-6.11303e-005
0.0470771
-0.00238673
-0.000240151
5.96238e-005
-5.00874e-006
-4.32439e-008
1.62181e-005
0.0614946
-0.00301074
-0.000327746
7.84892e-005
0.0020194
0.0029976
0.00308475
0.00296471
0.000564947
-8.3851e-005
7.25441e-005
0.0514607
-0.00260153
-0.00026349
0.000250995
0.0851833
-0.00255269
-0.000666552
0.000117596
-7.60989e-006
-3.83377e-007
1.34669e-006
0.00211719
0.002891
0.00311068
0.0030077
0.122562
0.12995
0.131426
0.122252
0.0413406
-0.00421904
6.80507e-005
4.06837e-005
-6.14545e-006
3.2887e-007
0.000356636
0.0160825
-0.00153291
1.22317e-005
1.64231e-005
-2.30154e-006
1.09209e-007
0.00072632
0.0153278
-0.00151377
1.85942e-005
0.00170888
0.106442
-0.000803239
-0.00114644
0.000160068
-7.54531e-006
-8.91408e-007
0.000723114
0.0615549
-0.00304796
-0.000323565
0.00289634
0.100926
-0.00200929
-0.000923113
0.000144912
-8.18097e-006
-6.29635e-007
1.52658e-005
0.00212869
0.00263174
0.00294151
0.00739805
0.101743
-0.0021177
-0.000918481
0.000145579
-8.32302e-006
-6.18812e-007
6.60553e-005
0.00256357
0.00314397
0.0015503
0.00138431
0.0548559
-0.00334456
-0.000205805
6.63774e-005
-6.30001e-006
4.69684e-008
0.00781365
0.0930214
-0.00325563
-0.000666389
0.000171832
0.00222127
0.00274465
0.00290464
0.00297786
0.00314409
0.00131287
0.0027155
0.0607757
-0.00345902
-0.000260395
0.0118807
0.0924728
-0.003467
-0.000632168
0.000123833
-8.83371e-006
-2.95949e-007
7.1362e-005
0.00210669
0.00263497
0.00304965
0.0222019
0.177012
0.126238
0.217022
0.151569
0.0828173
0.0916781
0.0862674
0.0607579
0.0454536
0.0402484
0.029777
0.0226659
0.0238315
0.0234501
0.0251321
0.0152414
0.0154723
0.0176775
0.0113413
0.0146193
0.0122457
0.0297571
0.133058
0.127477
0.0357689
-0.00410193
0.0001182
3.27177e-005
0.0332821
0.124024
0.109564
0.0737175
0.0233472
0.134867
0.110773
0.0043205
-0.00185292
0.00019262
-3.51243e-006
0.000257589
0.00389503
0.00361985
0.00504763
0.0347002
0.132856
0.124551
0.0298068
-0.00382219
0.000151574
2.50427e-005
0.00089597
0.0039916
0.00508616
0.00519572
0.0459694
0.12947
0.108151
0.0651939
-0.00430671
-0.000200993
7.70619e-005
0.0379506
0.136139
0.110153
0.00141418
-0.0010911
0.00416307
0.00382523
0.00522486
0.00527032
0.00526315
0.00504307
0.0539537
0.117491
0.123342
0.104312
0.0455248
0.131037
0.121602
0.0218577
-0.00335467
0.000183648
1.53299e-005
0.000451902
0.00390764
0.0031557
0.00497609
0.0135899
0.0866971
0.101602
0.103706
0.126003
0.132314
0.108694
0.141733
0.116539
0.126328
0.121196
0.0960359
0.126669
0.0456975
-0.00437163
3.68533e-005
4.65772e-005
-6.5528e-006
0.0606848
0.129403
0.0434796
-0.00435291
0.0568426
0.134846
0.128025
0.0959828
0.00829971
-0.00215796
0.000185892
0.0692725
0.116024
0.155316
0.0849912
0.11059
0.13043
0.138847
0.0720722
-0.00417667
-0.00029898
8.84059e-005
0.000638566
0.00342389
0.00419295
0.00406013
0.0674144
0.1334
0.13055
0.0985847
0.00553315
-0.00186908
0.00018048
0.00187729
0.00383245
0.00516469
0.00519868
0.0830287
0.110564
0.152978
0.0803483
0.0459716
-0.00456371
5.88656e-005
0.0677816
0.134115
0.138048
0.0623871
-0.00361341
0.00356121
0.00416989
0.00390424
0.00555399
0.00493789
0.00534658
0.0882136
0.124451
0.143414
0.0935395
0.0897063
0.132517
0.13225
0.100521
0.00217362
-0.00146705
0.000167176
0.000815895
0.00343979
0.00384286
0.00423886
0.0383394
0.087591
0.0969428
0.131248
0.125475
0.1374
0.13463
0.146292
0.0994673
0.00612352
-0.00195759
0.0860181
0.0847545
-0.0044436
-0.00041308
0.000106536
-9.13811e-006
-5.25076e-008
0.0887638
0.0822126
-0.00456312
-0.000367478
0.0907393
0.129114
0.10709
0.00283115
-0.00162767
0.000180543
-4.57528e-006
0.0970444
0.141153
0.0854923
0.0221992
0.0892332
0.134255
0.0710107
-0.00468081
-0.000220259
8.39934e-005
-8.44439e-006
0.00235778
0.00383887
0.00391601
0.0051192
0.0982845
0.127872
0.106277
0.000865503
-0.00136373
0.000168988
-6.16146e-006
0.00275869
0.00486232
0.00535761
0.00546298
0.111968
0.144369
0.0843072
0.0168912
-0.0029123
0.000183944
1.00877e-005
0.103097
0.13462
0.060673
-0.00476735
0.00262406
0.00406148
0.00417921
0.00515779
0.00467358
0.00524466
0.00494194
0.110469
0.142445
0.100256
0.0585032
0.0992419
0.129818
0.101557
-0.00140716
-0.00100964
0.000149198
-7.72629e-006
0.00276599
0.00341924
0.00409357
0.00537008
0.045659
0.100583
0.075013
0.11731
0.135165
0.12944
0.140848
0.11931
0.140449
0.141318
0.0978149
0.113121
0.102876
0.00683392
-0.00206489
0.000190906
-7.94041e-007
-2.14111e-006
0.110038
0.10512
0.00578644
-0.00196804
0.112904
0.127611
0.140169
0.0764128
-0.00380587
-0.000398749
9.71524e-005
0.111311
0.134379
0.108415
0.103949
0.122671
0.130877
0.1157
0.0208359
-0.0032094
0.000176581
1.45496e-005
0.00288172
0.00401525
0.00297405
0.00495958
0.118995
0.130352
0.137495
0.0693693
-0.00413001
-0.000273318
8.44868e-005
0.00336481
0.0043697
0.00527996
0.0052746
0.00546133
0.00361527
-0.000123371
-2.63142e-005
4.90825e-006
-3.35341e-007
-1.36736e-008
5.74071e-009
-5.93388e-010
1.04374e-011
5.60816e-012
-8.59566e-013
4.6967e-014
3.93965e-015
-1.07002e-015
9.42412e-017
2.04091e-019
-1.13528e-018
1.46752e-019
-5.92729e-021
-9.4737e-022
1.94183e-022
-1.43688e-023
-3.96191e-025
2.21057e-025
-2.43826e-026
6.03322e-028
2.07523e-028
-3.43607e-029
2.07344e-030
1.31741e-031
-4.16959e-032
0.000753637
0.169057
0.118563
0.213272
0.171705
0.0948034
0.0917784
0.0931102
0.0683432
0.0442603
0.0421996
0.0330682
0.0223165
0.0238346
0.0222809
0.0262929
0.0171175
0.0156478
0.017516
0.0106412
0.0130292
0.0128078
0.0111102
0.00628893
0.00655412
0.00536722
0.00440474
0.00289929
0.00186236
0.00152106
0.0159138
0.0128625
0.0125309
0.00715302
0.00603173
0.00474597
0.00239125
0.00148654
0.00134294
0.00114409
0.000420044
0.000569169
0.000612773
0.000233315
0.000619581
0.0157727
0.0130279
0.0124834
0.00702023
0.00596386
0.00465189
0.0023365
0.00148182
0.00136479
0.00110862
0.000408716
0.000580928
0.000612666
0.00022486
0.000228219
2.14582e-005
-4.76803e-006
0.000905107
0.0155211
0.0132511
0.0124523
0.006853
0.00587755
0.00451786
0.00227353
0.00150087
0.00139227
0.00106326
0.000395073
0.000605645
0.000606005
0.000215259
0.00164013
0.015248
0.0135157
0.0123854
0.00671658
0.00582922
0.00439856
0.00222376
0.00150863
0.00141221
0.00102889
0.000384115
0.000624391
0.00059654
0.000212533
0.000215804
1.2468e-005
-3.88339e-006
0.00229615
0.0148681
0.0137965
0.0122446
0.0066084
0.00579941
0.00426499
0.00216645
0.0015217
0.0014276
0.000999391
0.000375564
0.000645256
0.000582109
0.000213152
0.00321414
0.0145386
0.0139576
0.0121993
0.00653889
0.00577155
0.00414254
0.00213258
0.00153005
0.00144719
0.000982764
0.000376063
0.000668127
0.000569162
0.000212495
0.000204756
5.4371e-006
-3.06721e-006
0.00396918
0.0141709
0.0141214
0.0121746
0.00643374
0.0057136
0.00400559
0.00209308
0.00154068
0.00147088
0.000957463
0.000377985
0.000687872
0.000553448
0.000211166
0.00484474
0.0138826
0.0142824
0.0121172
0.00635501
0.0056694
0.00391377
0.00205824
0.00154932
0.00148353
0.00093381
0.00038279
0.00069682
0.000537654
0.000211164
0.000197521
1.40367e-007
-2.33834e-006
0.00570747
0.0135602
0.0144059
0.0119597
0.00630325
0.00565243
0.00380341
0.0020079
0.00156636
0.00148618
0.000902843
0.000386936
0.000705026
0.00051778
0.000210697
0.00668884
0.0133186
0.0144084
0.0117676
0.00628935
0.0056336
0.00370623
0.00197396
0.00157597
0.00148676
0.000873903
0.00039248
0.000708422
0.000499459
0.000210047
0.000185995
-3.66479e-006
-1.70619e-006
0.00748164
0.0131341
0.0143769
0.0114961
0.00631686
0.00560031
0.00360823
0.00195397
0.00156995
0.00148689
0.000838348
0.00040727
0.000718154
0.000476873
0.000214123
0.00827372
0.0130423
0.0143707
0.0112234
0.00632647
0.00558429
0.00353831
0.00192815
0.00155557
0.00148136
0.000811244
0.000419569
0.000723147
0.000458675
0.000219123
0.000169227
-6.22216e-006
-1.17298e-006
0.00915903
0.0129644
0.0143251
0.0108458
0.00632791
0.0055477
0.00346986
0.00188066
0.00153267
0.00147051
0.000774995
0.0004346
0.000727183
0.000439856
0.000224465
0.010074
0.0129453
0.014244
0.0105083
0.0063252
0.00551616
0.00341555
0.00184463
0.00150703
0.00145606
0.000742725
0.000444584
0.000728839
0.00042214
0.000232029
0.000149283
-7.765e-006
-7.3569e-007
0.0109368
0.0130715
0.0141832
0.0101311
0.00632234
0.00548924
0.00335399
0.00179884
0.00146831
0.00144996
0.000705745
0.00046186
0.000724973
0.000400245
0.000244022
0.011734
0.0131774
0.0141265
0.00986482
0.00629973
0.00543319
0.0032992
0.00175964
0.00143843
0.00146569
0.000680452
0.000477713
0.000717493
0.000386366
0.000255106
0.000127992
-8.50804e-006
-3.87653e-007
0.0125355
0.0132237
0.0139393
0.00951469
0.00627626
0.00536575
0.0032245
0.00170793
0.00140808
0.00146836
0.000647858
0.000493204
0.00070384
0.000372273
0.000265639
0.0131923
0.0131686
0.0137467
0.0092114
0.00628293
0.00530956
0.0031548
0.00166418
0.00138124
0.00145794
0.000622938
0.000502408
0.000688968
0.000359291
0.000271722
0.000106734
-8.64273e-006
-1.19914e-007
0.0139039
0.0131359
0.0135162
0.00885265
0.00626601
0.00526544
0.00306445
0.0016176
0.00134777
0.00143886
0.000597132
0.000512305
0.000671019
0.000344346
0.000276361
0.0145517
0.0131469
0.0133299
0.00864097
0.00626776
0.00521393
0.00297993
0.00158673
0.00132056
0.00142665
0.000574776
0.155866
0.132254
0.193829
0.197987
0.110399
0.089154
0.0926458
0.0751336
0.0414029
0.0435953
0.0349303
0.0224732
0.0245311
0.0215422
0.027989
0.0196548
0.0166268
0.0168331
0.0116541
0.0129449
0.0142106
0.0117993
0.00633536
0.00667554
0.00546413
0.00482958
0.0031033
0.00195209
0.00151623
0.0156456
0.0131138
0.0130816
0.00814068
0.00626232
0.00511499
0.00277825
0.00156522
0.00126492
0.00136136
0.000516013
0.000530043
0.000639819
0.000295403
0.000274421
0.015786
0.0130374
0.0129848
0.00790832
0.00622128
0.00506055
0.00270746
0.00156277
0.00125201
0.0013272
0.000494908
0.000536398
0.000638683
0.000283964
0.000269391
5.66881e-005
-7.20577e-006
1.49307e-006
0.0158885
0.012938
0.0128614
0.00765886
0.00619464
0.00503093
0.00264129
0.00155
0.00125227
0.00128553
0.000473412
0.000545976
0.000631032
0.000269788
0.00027792
0.0159857
0.0128703
0.0128248
0.00751132
0.00615435
0.00498032
0.00256987
0.00152634
0.00126782
0.00124704
0.000459682
0.000555913
0.000624741
0.00025881
0.000255849
4.16907e-005
-6.33217e-006
6.58343e-005
0.0160552
0.0128141
0.0127456
0.00736894
0.00610234
0.00489211
0.00249173
0.00149923
0.00130937
0.00119907
0.000441936
0.000565466
0.000618105
0.000245549
0.000384018
0.0160171
0.0128065
0.0126035
0.00723153
0.00606446
0.00480002
0.00242236
0.00148897
0.00133387
0.00116173
0.00042618
0.000568848
0.000611774
0.000237406
0.000238548
2.8984e-005
-5.4093e-006
0.000305503
0.0158389
0.0129871
0.0124836
0.00706692
0.00598528
0.00468513
0.00235521
0.00148379
0.00135623
0.00112016
0.000412506
0.000573829
0.000613318
0.000227714
0.000879453
0.0156334
0.0131148
0.0124743
0.00692405
0.00591342
0.00458037
0.00230008
0.00149055
0.00138039
0.00108412
0.000400906
0.000593856
0.000609827
0.000219116
0.000224318
1.85149e-005
-4.4943e-006
0.00124911
0.0153579
0.0134229
0.012414
0.00675699
0.00583251
0.00443643
0.00224152
0.00150774
0.0014065
0.00103969
0.000387581
0.000619076
0.000599973
0.000212725
0.00210332
0.015029
0.0136765
0.0123079
0.00665672
0.0058132
0.00432565
0.0021896
0.00151707
0.00141998
0.00101085
0.000378483
0.000635672
0.000588892
0.000212853
0.00021168
1.01403e-005
-3.62776e-006
0.00278806
0.0146537
0.0139089
0.0122072
0.00656391
0.00578556
0.00418467
0.00214328
0.00152859
0.00143727
0.000988535
0.000375512
0.000660706
0.000573141
0.000212821
0.00373082
0.0143287
0.0140521
0.0121932
0.0064893
0.00572915
0.00406114
0.00210901
0.0015346
0.0014625
0.000969395
0.00037734
0.000680488
0.00056102
0.000211432
0.000202439
3.65985e-006
-2.83653e-006
0.00445279
0.0139805
0.0142304
0.0121444
0.00637467
0.00568533
0.00394219
0.00207142
0.00154556
0.0014805
0.000941834
0.000380748
0.000694524
0.000542908
0.000211185
0.00536943
0.0136787
0.0143698
0.012037
0.00631617
0.00566103
0.00385389
0.00202976
0.00155745
0.00148474
0.000917119
0.000385454
0.000701873
0.000526828
0.000211029
0.000194586
-1.15894e-006
-2.13634e-006
0.00629801
0.013413
0.0144139
0.0118341
0.00629002
0.0056388
0.00373912
0.00198072
0.00157386
0.0014864
0.000883954
0.00709244
0.0132182
0.0144049
0.011684
0.00998654
0.012891
0.0144074
0.011626
0.00629965
0.00562206
0.00364653
0.00196113
0.00157543
0.00148679
0.000853787
0.0078024
0.0130899
0.0143724
0.0114479
0.00632185
0.00559381
0.00359557
0.0088092
0.0129717
0.0143717
0.0113239
0.00632683
0.00558628
0.00356175
0.00193862
0.00156071
0.00148269
0.00082026
0.00865114
0.013012
0.0143619
0.0110992
0.00632205
0.00557831
0.00350842
0.0019135
0.00154866
0.00147869
0.000799808
0.000424742
0.000724305
0.000452586
0.000220522
0.000165777
-6.57157e-006
-1.08649e-006
2.20039e-007
-1.61294e-008
-4.69e-010
2.51331e-010
-2.75036e-011
6.57282e-013
2.37143e-013
-3.88869e-014
2.3197e-015
1.52624e-016
-4.73361e-017
4.42387e-018
-2.44433e-020
-4.88221e-020
6.70176e-021
-3.06235e-022
-3.85927e-023
8.67225e-024
-6.85437e-025
-1.19499e-026
9.63208e-027
-1.12491e-027
3.44989e-029
8.6987e-030
-1.54861e-030
1.01144e-031
4.9265e-033
-1.83689e-033
1.83386e-034
-2.48784e-036
0.128306
0.151137
0.16524
0.216671
0.124608
0.0860845
0.0951159
0.0805545
0.043038
0.0436792
0.036723
0.0228216
0.0237483
0.0221985
0.0266974
0.0224061
0.0167365
0.0158986
0.0139176
0.0132788
0.0149655
0.0119391
0.0143674
0.0128673
0.0140451
0.00967773
0.00627899
0.00539779
0.00326039
0.0128561
0.0131532
0.0139558
0.00953528
0.0062768
0.00536983
0.00322888
0.00171107
0.00140961
0.00146875
0.0006497
0.0130218
0.0131787
0.0138102
0.00931266
0.0139711
0.0129898
0.0137734
0.00923207
0.00628258
0.00531189
0.00315945
0.00166709
0.00138317
0.00145877
0.000624417
0.0136167
0.0131362
0.0136207
0.00900741
0.00627971
0.00528377
0.00310698
0.0140887
0.0130764
0.0135353
0.00887096
0.00626715
0.00526838
0.00307001
0.00161964
0.00134941
0.00143993
0.0005986
0.0143815
0.0131381
0.0133716
0.00870731
0.0149905
0.0129985
0.0133523
0.00865447
0.00626483
0.00521724
0.00298569
0.00158865
0.00132245
0.00142765
0.00057628
0.0149081
0.013164
0.0132467
0.0084926
0.00628297
0.0051802
0.00292335
0.0152011
0.013133
0.01321
0.00841157
0.00628509
0.00517086
0.00288711
0.0015773
0.0012916
0.00140393
0.000548094
0.0153831
0.0131625
0.0131335
0.00829681
0.0156651
0.0130438
0.01313
0.00824661
0.00627481
0.00513879
0.00281546
0.00156921
0.0012734
0.00137796
0.000526859
0.0156578
0.0131148
0.0130653
0.00809674
0.00625653
0.005104
0.00276402
0.0157693
0.0130381
0.0130267
0.00798648
0.00623788
0.00507367
0.00273016
0.00156497
0.0012561
0.00133884
0.000502127
0.0158305
0.0129965
0.012938
0.00781539
0.0158536
0.0128872
0.0129207
0.00775923
0.0062114
0.00504799
0.00267257
0.00155826
0.00125009
0.00130418
0.000483686
0.0159111
0.0129192
0.0128538
0.00762618
0.00618653
0.00502339
0.00262446
0.0159223
0.0128639
0.0128447
0.00755313
0.00617013
0.00500046
0.00259529
0.00153503
0.00125908
0.00126046
0.000492202
0.0160217
0.012848
0.0128053
0.00735196
0.0158963
0.0127737
0.0128031
0.00743459
0.00612443
0.00493472
0.00252485
0.00151134
0.0012926
0.00121961
0.000524218
0.016049
0.0128127
0.0127247
0.00734043
0.00609699
0.00487379
0.00253153
0.0159792
0.0127979
0.0126627
0.00727649
0.00607962
0.00482984
0.00244551
0.00148947
0.00132643
0.00117332
0.000607116
0.0159622
0.0128469
0.0125425
0.00687932
0.0156854
0.0128518
0.0125282
0.00713394
0.00602329
0.00473197
0.00238453
0.00148551
0.00134524
0.00113948
0.000764919
0.0157927
0.0130111
0.0124835
0.00703932
0.00597267
0.00466553
0.00269273
0.0156169
0.0130497
0.0124815
0.00696989
0.00593869
0.00461612
0.00231776
0.00148447
0.0013723
0.00109658
0.00122504
0.0155355
0.0132101
0.0124596
0.00685921
0.0151871
0.0132577
0.0124538
0.00683437
0.00586674
0.00450117
0.00226698
0.00150282
0.00139493
0.00105798
0.00171672
0.0152823
0.0134779
0.0123986
0.00673148
0.00583036
0.00441392
0.00355621
0.0150399
0.0135931
0.0123519
0.0066859
0.00582238
0.00436121
0.00220583
0.00151224
0.00141693
0.00101938
0.00253641
0.0148928
0.0137681
0.0122611
0.00744486
0.0144879
0.0138072
0.0122352
0.00660019
0.00579808
0.00424945
0.00216128
0.00152321
0.00142947
0.000997386
0.00325477
0.0145723
0.0139344
0.0122018
0.00654863
0.00577785
0.00415926
0.00490922
0.0143293
0.0140036
0.012201
0.0065163
0.00575175
0.00410036
0.00212041
0.00153063
0.0014556
0.000976487
0.00415367
0.0141944
0.0141011
0.0121783
0.00828227
0.0137896
0.014138
0.0121758
0.00641738
0.00570969
0.0039925
0.00208903
0.00154179
0.00147241
0.00095428
0.0048627
0.0139099
0.0142615
0.0121298
0.00636286
0.00567578
0.00392553
0.00627958
0.013681
0.0143316
0.0120799
0.00633472
0.00566467
0.00388352
0.00204435
0.00155176
0.00148479
0.000925675
0.00582204
0.0135666
0.0144006
0.0119813
0.00924447
0.0132044
0.0144127
0.0119401
0.00629858
0.00564993
0.00379091
0.0020021
0.00156803
0.00148603
0.000899202
0.0758506
0.164279
0.13945
0.217263
0.137365
0.0802725
0.0934748
0.0824946
0.0507849
0.0439496
0.0384147
0.02584
0.0224487
0.0233001
0.0241156
0.0242117
0.0152749
0.0157184
0.0161148
0.0128816
0.0154127
0.0121099
0.0577226
0.136027
0.116092
0.0157118
-0.0029062
0.000197016
8.29871e-006
0.0672429
0.139222
0.103795
0.046246
0.0545355
0.130566
0.100842
-0.00235868
-0.00087622
0.000142861
-8.46302e-006
0.000677288
0.00378355
0.00401881
0.00547823
0.0623299
0.136816
0.111099
0.0118261
-0.00257808
0.000199611
4.09844e-006
0.00187002
0.00436914
0.00527163
0.00520124
0.0759823
0.141098
0.099247
0.0385759
-0.00407067
8.10763e-005
3.72273e-005
0.0724415
0.130813
0.0923898
-0.00351361
0.000370142
0.00373507
0.00399627
0.00545974
0.00523686
0.00559704
0.00553969
0.0847161
0.134027
0.103199
0.0883958
0.0728171
0.134279
0.10648
0.00694198
-0.00210403
0.000194777
-8.42279e-007
0.000923827
0.00400456
0.00360277
0.0047053
0.0227365
0.0950503
0.0981091
0.0962202
0.139474
0.118089
0.13551
0.135323
0.137834
0.142393
0.095369
0.108246
0.116767
0.0227976
-0.00337673
0.00017549
1.6661e-005
-4.25304e-006
0.0902595
0.118278
0.0210846
-0.00328769
0.0810507
0.133746
0.132903
0.0985302
-0.000136365
-0.00114099
0.000151508
0.0983914
0.113356
0.142998
0.0755991
0.113456
0.12791
0.126849
0.0444784
-0.00427404
3.837e-005
4.52301e-005
0.00102845
0.00397624
0.00361953
0.00427089
0.0869443
0.133505
0.136312
0.0949218
-0.00144063
-0.000927198
0.00013876
0.00259251
0.00393078
0.00520732
0.0054161
0.102402
0.11925
0.135109
0.0818172
0.0224142
-0.00346115
0.000191091
0.0995739
0.135805
0.122049
0.0360412
-0.00265963
0.00410553
0.00336768
0.00461084
0.00565618
0.00501672
0.00574977
0.109825
0.102373
0.158331
0.0933202
0.103992
0.129753
0.140731
0.0870597
-0.00286377
-0.000647752
0.000118785
0.00115739
0.00379028
0.00430107
0.00437204
0.0735887
0.100052
0.107548
0.129456
0.116087
0.126525
0.116868
0.127442
0.0975162
-0.00124654
-0.000983213
0.115016
0.0537728
-0.00484505
4.07075e-006
5.64526e-005
-7.46464e-006
3.16713e-007
0.11735
0.0513673
-0.00479754
2.61219e-005
0.113458
0.132158
0.094163
-0.00284214
-0.000734142
0.000129881
-8.42884e-006
0.126482
0.150199
0.0963769
0.00745362
0.115788
0.138172
0.0420496
-0.00442994
8.74199e-005
4.06196e-005
-6.36484e-006
0.00329816
0.00405268
0.00458256
0.00526833
0.119529
0.132764
0.0876132
-0.00358479
-0.000559534
0.000115676
-8.61597e-006
0.00344151
0.00506548
0.00529205
0.00514806
0.128053
0.147927
0.100334
0.00436163
-0.00174971
0.000178576
1.69588e-005
0.121044
0.134699
0.0335199
-0.00408213
0.00348278
0.00395562
0.00473385
0.00534772
0.00530925
0.00523018
0.00473917
0.135866
0.146255
0.0849389
0.0326751
0.121519
0.133716
0.0767167
-0.00428999
-0.000338719
9.49599e-005
-8.42312e-006
0.0036324
0.00401222
0.00389663
0.00550384
0.0876018
0.0910841
0.0823738
0.126991
0.121603
0.132722
0.124148
0.127228
0.121194
0.153298
0.0907385
0.127198
0.100693
-0.0010155
-0.00105093
0.000150016
-7.3481e-006
0.000828549
0.129312
0.100177
-0.00154859
5.68098e-006
0.123905
0.134854
0.122354
0.0491086
-0.00429067
-1.39053e-005
0.000604727
0.14518
0.145307
0.0936386
0.109758
0.129803
0.123052
0.100448
0.00658121
-0.00201014
0.000186685
3.59237e-006
0.00394843
0.00335659
0.00361862
0.0089404
0.12574
0.132947
0.119109
0.0424655
-0.0041563
4.65775e-005
7.41839e-005
0.00368933
0.00453025
0.00499587
0.00516742
0.00553518
0.00250122
-0.000181067
-5.63058e-006
2.86946e-006
-3.10763e-007
7.07771e-009
2.72532e-009
-4.41301e-010
2.59232e-011
1.78479e-012
-5.39393e-013
4.98731e-014
-2.08008e-016
-5.59278e-016
7.59247e-017
-3.3968e-018
-4.46753e-019
9.86476e-020
-7.70566e-021
-1.47919e-022
1.10067e-022
-1.27209e-023
3.76662e-025
1.00137e-025
-1.75863e-026
1.13269e-027
5.80369e-029
-2.09475e-029
2.06947e-030
-2.55027e-032
-2.09905e-032
0.0182722
0.177378
0.125523
0.216945
0.152305
0.0832068
0.0916638
0.0865731
0.061238
0.0454789
0.0403683
0.0299811
0.0226844
0.0238465
0.0234246
0.0251561
0.0152684
0.015439
0.0177332
0.0112891
0.0145512
0.0122501
0.0109029
0.0141283
0.0138948
0.0122128
0.00655289
0.00578061
0.00416759
0.00486511
0.0143504
0.0139944
0.0122015
0.00652092
0.00575618
0.00410817
0.00212292
0.00153046
0.00145407
0.000977815
0.00410426
0.0142159
0.0140919
0.0121803
0.00825828
0.0138097
0.0141265
0.0121777
0.00642519
0.00571172
0.00399908
0.00209105
0.00154126
0.00147167
0.000955877
0.00481443
0.0139271
0.0142502
0.0121353
0.00636658
0.00567883
0.00393121
0.0062354
0.0137012
0.0143227
0.0120881
0.00633899
0.00566477
0.00388929
0.00204718
0.00155136
0.00148463
0.0009273
0.00576188
0.0135823
0.0143971
0.0119912
0.00920797
0.0132179
0.0144109
0.0119519
0.00630079
0.00565119
0.0037972
0.00200503
0.0015672
0.00148613
0.000901031
0.00662611
0.0133613
0.0144128
0.0118069
0.00628882
0.00563469
0.00372599
0.00784444
0.0131551
0.0144076
0.0117129
0.00629302
0.0056307
0.00368063
0.00196857
0.00157662
0.00148629
0.000865977
0.00752803
0.0131444
0.0143875
0.0115447
0.0102348
0.0128193
0.0143823
0.0114825
0.00631835
0.00559747
0.00360411
0.0019528
0.00156906
0.00148672
0.000836608
0.00819911
0.0130459
0.0143695
0.0112844
0.00632722
0.00558534
0.00355216
0.00920904
0.0129386
0.0143702
0.0111401
0.00632247
0.00558113
0.00351857
0.00191866
0.00155109
0.00147984
0.000803703
0.00913068
0.0129594
0.0143306
0.0109119
0.0112701
0.0126888
0.014334
0.0108252
0.00632698
0.00554441
0.00346616
0.00187822
0.00153129
0.00146969
0.00077285
0.00997574
0.0129318
0.0142653
0.0105777
0.00632568
0.00552179
0.00342615
0.0108237
0.0128674
0.0142245
0.0104139
0.0063301
0.00550914
0.00340141
0.0018358
0.00149888
0.00145448
0.000734433
0.0108947
0.0130324
0.0141839
0.0101877
0.0124759
0.0128417
0.0141969
0.0101137
0.00631985
0.00548678
0.00335073
0.0017958
0.00146642
0.00145089
0.000704027
0.0116282
0.0131534
0.0141492
0.00991877
0.00630431
0.00544588
0.00331036
0.0123171
0.0131288
0.0140938
0.00979251
0.00629121
0.00542139
0.00328491
0.00174912
0.00143093
0.00146807
0.000673333
0.0124782
0.0132107
0.013975
0.00957563
0.013595
0.0130198
0.0139423
0.00949467
0.00627545
0.00536149
0.00322003
0.00170475
0.00140652
0.0014679
0.000646005
0.0131037
0.0131712
0.0137844
0.00927227
0.00628152
0.00531707
0.00316888
0.0136061
0.0131018
0.0137018
0.00913051
0.00628252
0.0053003
0.00313563
0.00165238
0.00137339
0.00145478
0.000617266
0.0138231
0.0131259
0.0135579
0.00890907
0.0145759
0.0129697
0.0135162
0.00883531
0.00626438
0.0052623
0.00305879
0.00161553
0.00134613
0.00143783
0.000595655
0.0144586
0.0131403
0.0133555
0.00868104
0.00625977
0.00522327
0.00299708
0.0148381
0.0131087
0.0133024
0.00858429
0.00627633
0.00520044
0.00295797
0.00158068
0.00131331
0.00142216
0.000568656
0.00051711
0.000653649
0.000327083
0.000279025
8.41429e-005
-8.27441e-006
9.74082e-008
8.45259e-008
-1.22508e-008
6.15317e-010
6.32527e-011
-1.55475e-011
1.29866e-012
1.22511e-014
-1.68844e-014
2.07418e-015
-7.39124e-017
-1.46858e-017
2.79878e-018
-1.94971e-019
-7.30387e-021
3.25283e-021
-3.41449e-022
6.60006e-024
3.149e-024
-4.91347e-025
2.75148e-026
2.16431e-027
-6.07976e-028
5.44196e-029
1.34296e-033
-6.40258e-031
8.41015e-032
-3.51858e-033
-5.26928e-034
1.10613e-034
-8.33472e-036
-2.06015e-037
1.25099e-037
-1.40124e-038
3.69543e-040
1.16263e-040
-1.96213e-041
1.21036e-042
7.1767e-044
-2.3665e-044
2.265e-045
-1.92285e-047
-2.41146e-047
3.39435e-048
-1.62315e-049
-1.85992e-050
4.35272e-051
-3.53099e-052
-4.80645e-054
4.78461e-054
-5.72071e-055
1.88823e-056
4.24792e-057
-7.80186e-058
5.25372e-059
2.27418e-060
-9.16724e-061
9.36907e-062
-1.52662e-063
-9.0142e-064
1.36385e-064
-7.31582e-066
-6.43002e-067
1.70526e-067
-1.48408e-068
-5.59343e-071
1.81906e-070
-2.3241e-071
9.13834e-073
1.533e-073
-3.08892e-074
2.25511e-075
6.70404e-077
-3.53324e-077
3.85345e-078
-9.0689e-080
-3.34095e-080
5.45603e-081
-3.23853e-082
-2.16257e-083
6.65035e-084
-6.19364e-085
3.15097e-087
6.87098e-087
-9.39773e-088
4.26514e-089
5.45004e-090
-1.21769e-090
9.58776e-092
1.72604e-093
-1.35448e-093
1.5765e-094
-4.78079e-096
-1.22618e-096
2.17327e-097
-1.41302e-098
-6.99762e-100
2.58134e-100
-2.56832e-101
3.38096e-103
2.57666e-103
-3.7829e-104
1.93932e-105
1.90155e-106
-4.77929e-107
4.04244e-108
3.10417e-110
-5.16254e-110
6.41745e-111
-2.3591e-112
-4.4488e-113
8.61961e-114
-6.09181e-115
-2.13493e-116
9.97006e-117
-1.05876e-117
2.18325e-119
9.58474e-120
0.00822091
0.712166
0.524971
0.578492
0.577954
0.432523
0.481517
0.741881
0.0063062
0.00968856
0.0168681
0.012639
0.0125253
0.00713595
0.00602067
0.00472757
0.00238549
0.00148864
0.00270813
0.0247927
0.015761
0.0156062
0.0116732
0.00792216
0.00514559
0.00518335
0.004287
0.00415764
0.0023315
0.00198226
0.00154264
0.000775678
0.000494135
0.00278659
0.0245882
0.0156157
0.0152859
0.0130015
0.0124738
0.00690015
0.00589879
0.00455339
0.00229035
0.00149626
0.00138232
0.0010767
0.000402178
0.000597507
0.00060798
0.000218075
0.000222946
0.00154649
0.0104641
0.00666113
0.00640426
0.00574309
0.00534009
0.00289823
0.00250679
0.00189826
0.000961051
0.000650186
0.000606053
0.000444721
0.000167384
0.000267482
0.00174608
0.00796456
0.00515068
0.00482228
0.00452954
0.00409408
0.00221078
0.00193161
0.00143152
0.000726474
0.000506383
0.0056331
0.0236136
0.0154613
0.0141955
0.0137649
0.0122185
0.00658584
0.00578592
0.00421465
0.00215436
0.00152789
0.00143114
0.000993257
0.000377737
0.000651755
0.000577095
0.000213343
0.000206583
0.00287477
0.00992267
0.00666232
0.00592622
0.00600867
0.00524921
0.00279823
0.00246489
0.00175032
0.000909672
0.000660385
0.000627845
0.000417984
0.000163636
0.000291551
0.00277618
0.00751258
0.00513791
0.00447099
0.00469932
0.00404889
0.00213137
0.00189501
0.00131927
0.000693588
0.000514296
0.00897298
0.0221956
0.0153932
0.0132134
0.0142357
0.0121046
0.00635324
0.00565442
0.0038976
0.00205626
0.00155088
0.00148221
0.000931947
0.000386334
0.000695782
0.000536508
0.000211632
0.000193372
0.0044511
0.00927622
0.00665383
0.00553858
0.00618281
0.0051392
0.00271312
0.00242715
0.0016304
0.000863468
0.000674629
0.00512809
0.00909029
0.00668286
0.00546601
0.00618771
0.00507744
0.00270762
0.00241995
0.00159996
0.000851848
0.000677836
0.00556885
0.00892188
0.00668743
0.00539558
0.00618719
0.00501103
0.00271115
0.00241628
0.00157086
0.000845516
0.000678297
0.000638801
0.000369228
0.00017304
0.000306084
0.0139895
0.02022
0.0155007
0.0124211
0.0143506
0.0113999
0.00632653
0.00558006
0.00357863
0.00194907
0.00156524
0.0153439
0.0197632
0.0154898
0.0123771
0.0143559
0.0111872
0.00632904
0.00557268
0.0035259
0.0019277
0.00155406
0.00147852
0.000810068
0.000424462
0.000721533
0.000457768
0.000219946
0.000159741
0.00712533
0.00824996
0.0067222
0.00529734
0.00616332
0.0046517
0.00272514
0.00238187
0.00148871
0.00080919
0.000658681
0.000631354
0.000332734
0.000189219
0.000312309
0.0179114
0.0187284
0.0157839
0.0123181
0.014242
0.0104671
0.00632899
0.00550368
0.00340421
0.00184494
0.00150405
0.0189694
0.0183823
0.0158869
0.0124025
0.0141957
0.0102256
0.00633197
0.00548908
0.00336725
0.00181865
0.00148039
0.00144725
0.000718103
0.000459282
0.000724999
0.000407541
0.000239762
0.000131553
0.00851658
0.0077606
0.00690661
0.00541648
0.00609747
0.00426121
0.00271396
0.00233911
0.00142194
0.000761875
0.00062134
0.000627905
0.000295269
0.000206243
0.00030881
0.0206692
0.0177366
0.0162053
0.0126701
0.0140266
0.00961822
0.00627756
0.00537741
0.00324547
0.00172973
0.00141702
0.0213024
0.0176376
0.0162993
0.0126813
0.0139012
0.00939578
0.006274
0.00533216
0.00319631
0.00169545
0.00139903
0.00146013
0.000639479
0.00050156
0.000697721
0.000368288
0.000267824
0.000103103
0.00941118
0.00758642
0.00707261
0.00545224
0.0058846
0.0038878
0.00270332
0.00227179
0.00133981
0.00070774
0.000587168
0.000622084
0.000263588
0.000220563
0.000291975
0.0223993
0.017577
0.0166126
0.0126972
0.0134679
0.0087591
0.0062544
0.0052367
0.00303211
0.00161064
0.00133863
0.022777
0.0174991
0.0167417
0.0127299
0.013348
0.00861045
0.00626692
0.00519897
0.00297138
0.00158849
0.00131791
0.0230593
0.0173845
0.0168134
0.0127765
0.0132591
0.00844795
0.00627815
0.00516508
0.00291045
0.00158148
0.0012977
0.0233763
0.0172946
0.0168429
0.0128031
0.0131898
0.00833689
0.00627885
0.00514831
0.00285476
0.00157744
0.0012814
0.6948
0.79989
0.758022
0.607071
0.635258
0.712781
0.466396
0.57615
0.337547
0.395548
0.786897
0.803857
0.508073
0.291648
0.250285
0.208889
-0.0118501
-0.000890302
0.000256348
-2.32074e-005
3.38343e-008
