0
0
0
0
0
0
0
0
0
0
0
0
0
0
0
0
0
0
0
0
0
0
0
0
0
0
0
0
0
0
0
0
0
0
0
0
0
0
0
0
0
0
0
0
0
0
0
0
0
0
0
0
0
0
0
0
0
0
0
0
0
0
0
0
0
0
0
0
0
0
0
0
0
0
0
0
0
0
0
0
0
0
0
0
0
0
0
0
0
0
0
0
0
0
0
0
0
0
0
0
0
0
0
0
0
0
0
0
0
0
0
0
0
0
0
0
0
0
0
0
0
0
0
0
0
0
0
0
0
0
0
0
0
0
0
0
0
0
0
0
0
0
0
0
0
0
0
0
0
0
0
0
0
0
0
0
0
0
0
0
0
0
0
0
0
0
0
0
0
0
0
0
0
0
0
0
0
0
0
0
0
0
0
0
0
0
0
0
0
0
0
0
0
0
0
0
0
0
0
0
0
0
0
0
0
0
0
0
0
4.77556e-006
1.48768e-005
1.42893e-005
1.42885e-005
1.42837e-005
1.43834e-005
3.93234e-005
8.09833e-005
7.78702e-005
7.77018e-005
7.78089e-005
7.80094e-005
0.000126557
0.000199171
0.000193974
0.000192658
0.000192431
0.000192555
0.000265816
0.000366486
0.000361413
0.000359547
0.000358555
0.000356724
0.000455833
0.000583064
0.000576896
0.000578896
0.000577973
0.000575337
0.000696577
0.000852613
0.000841124
0.000844731
0.000847822
0.000848629
0.00100066
0.00117143
0.00115785
0.00116047
0.0011614
0.00116904
0.00136142
0.00155136
0.00152717
0.00152571
0.00153002
0.00153023
0.00176965
0.00198129
0.00195985
0.0019449
0.00194548
0.00194615
0.00221219
0.00245252
0.00244034
0.00243279
0.00242008
0.0024154
0.00271199
0.00296697
0.00295593
0.00297089
0.00295778
0.00294833
0.00326329
0.00353915
0.00351275
0.00353097
0.00354474
0.0035388
0.00390072
0.00415213
0.00413651
0.00413702
0.00415516
0.0041704
0.00459869
0.00485285
0.00480639
0.00480248
0.0048153
0.00481945
0.00532207
0.00560949
0.00556191
0.00553174
0.00552722
0.00554025
0.00605239
0.00639646
0.00636582
0.00635413
0.00630696
0.0063076
0.00579241
0.00551852
0.0055718
0.00559091
0.00557046
0.00554153
0.00503335
0.00478344
0.00482049
0.00483678
0.00486072
0.00484124
0.00434921
0.00410061
0.00413931
0.00413547
0.00415811
0.00417294
0.0037151
0.0035025
0.00350701
0.00351505
0.00351508
0.00353033
0.00311827
0.00294815
0.00295272
0.00293979
0.00293685
0.00294536
0.00255656
0.00242295
0.00244041
0.00243084
0.00241734
0.00241536
0.00206499
0.00193525
0.00196525
0.00196568
0.00196155
0.00194659
0.00162309
0.00151365
0.00153222
0.00153743
0.0015434
0.00153843
0.00124006
0.00114631
0.00116039
0.00116228
0.00116616
0.00117169
0.000910172
0.000834677
0.00084006
0.000842153
0.000841288
0.000846222
0.000629175
0.000570579
0.000576351
0.000573001
0.000574204
0.000574226
0.000398238
0.000354591
0.000361477
0.000359235
0.000357818
0.00035745
0.000220512
0.000188031
0.000194553
0.000194234
0.000193594
0.000192393
9.53344e-005
7.49388e-005
7.83976e-005
7.87062e-005
7.87224e-005
7.85301e-005
2.2977e-005
1.26634e-005
1.44557e-005
1.43804e-005
1.44275e-005
1.44999e-005
1.57648e-006
-3.43925e-007
2.66425e-008
5.44938e-010
-3.84963e-010
4.4167e-011
-1.27475e-012
-3.52014e-013
6.12413e-014
-3.90552e-015
-2.07211e-016
7.31601e-017
-7.17459e-018
8.20926e-020
7.3602e-020
-1.06354e-020
5.31581e-022
5.52544e-023
-1.35118e-023
1.12528e-024
1.10855e-026
-1.4692e-026
1.79985e-027
-6.3658e-029
-1.28064e-029
2.43125e-030
-1.6879e-031
-6.4206e-033
2.82885e-033
-2.96136e-034
5.63359e-036
2.743e-036
-4.26639e-037
2.37888e-038
1.89273e-039
-5.28471e-040
4.71685e-041
1.88629e-044
-5.57273e-043
7.29928e-044
-3.03519e-045
-4.59776e-046
9.61053e-047
-7.21848e-048
-1.82023e-049
1.08818e-049
-1.21556e-050
3.1709e-052
1.01314e-052
-1.70403e-053
1.04711e-054
6.28587e-056
-2.05744e-056
1.96373e-057
-1.59998e-059
-2.09953e-059
2.94656e-060
-1.40174e-061
-1.62413e-062
3.78251e-063
-3.05918e-064
-4.29828e-066
4.16291e-066
-4.96368e-067
1.62489e-068
3.70348e-069
-6.77684e-070
4.54741e-071
1.9965e-072
-7.97166e-073
8.12492e-074
-1.29829e-075
-7.85081e-076
1.18415e-076
-6.32326e-078
-5.6204e-079
1.48215e-079
-1.28618e-080
-5.35099e-083
1.58311e-082
-2.01695e-083
7.87833e-085
1.33728e-085
-2.68357e-086
1.95278e-087
5.90844e-089
-3.07311e-089
3.34251e-090
-7.76817e-092
-2.91087e-092
4.738e-093
-2.80104e-094
-1.89281e-095
5.78136e-096
-5.36925e-097
2.54118e-099
5.98144e-099
-8.15733e-100
3.68177e-101
4.75751e-102
-1.05809e-102
8.30548e-104
1.5335e-105
-1.17836e-105
1.36776e-106
-4.10988e-108
-1.0688e-108
1.8876e-109
-1.22281e-110
-6.13659e-112
2.2445e-112
-2.22704e-113
2.85924e-115
2.2438e-115
-3.28421e-116
1.67566e-117
1.6614e-118
-4.15365e-119
3.50295e-120
2.83327e-122
-4.4924e-122
5.56888e-123
-2.03246e-124
-3.87985e-125
7.48794e-126
-5.27421e-127
-1.87803e-128
8.67088e-129
-9.18289e-130
1.86585e-131
8.34954e-132
-1.31643e-132
7.47454e-134
5.66371e-135
-1.62325e-135
1.46647e-136
-1.73886e-139
-1.70202e-138
2.25657e-139
-9.62778e-141
-1.38927e-141
2.95765e-142
-2.25171e-143
-5.20476e-145
3.33226e-145
-3.76575e-146
1.02806e-147
3.0786e-148
-5.25387e-149
3.28152e-150
1.86833e-151
-6.31433e-152
6.09826e-153
-5.85015e-155
-6.40417e-155
9.10191e-156
-4.42555e-157
-4.89135e-158
1.16316e-158
-9.52844e-160
-1.16257e-161
1.27347e-161
-1.53635e-162
5.20607e-164
1.12308e-164
-2.08784e-165
1.42205e-166
5.87418e-168
-2.44436e-168
2.52049e-169
-4.36377e-171
-2.39129e-171
3.65495e-172
-1.98925e-173
-1.68545e-174
4.55411e-175
-4.00078e-176
-1.00297e-178
4.83748e-178
-6.23753e-179
2.50505e-180
4.04542e-181
-8.26132e-182
6.09554e-183
1.70861e-184
-9.41434e-185
1.03589e-185
-2.53646e-187
-8.85174e-188
1.46128e-188
-8.78698e-190
-5.64321e-191
1.77493e-191
-1.66816e-192
1.0396e-194
1.8255e-194
-2.52062e-195
1.16446e-196
1.43489e-197
-3.25479e-198
2.58844e-199
4.27572e-201
-3.60627e-201
4.23502e-202
-1.32229e-203
-3.24398e-204
5.81724e-205
-3.82714e-206
-1.81412e-207
2.76623e-006
1.47481e-005
1.43451e-005
1.42819e-005
1.43364e-005
1.44058e-005
2.96423e-005
8.03089e-005
7.78806e-005
7.77112e-005
7.78329e-005
7.81943e-005
0.000110526
0.000198382
0.000193671
0.000192049
0.00019267
0.000192483
0.000242752
0.000366909
0.00036124
0.000358471
0.000357268
0.000357397
0.00042706
0.000584189
0.000579346
0.000578763
0.000576534
0.000573692
0.00066159
0.000853257
0.000842418
0.000847782
0.000847705
0.000846078
0.000949112
0.00117051
0.00115916
0.0011601
0.0011668
0.00116952
0.00130517
0.00154437
0.00152744
0.00152718
0.00153133
0.00153625
0.00171318
0.00197673
0.00195362
0.00194292
0.00194849
0.00194885
0.00215633
0.00246121
0.00243664
0.00242548
0.00241347
0.00241961
0.00264553
0.00297667
0.00296409
0.00296544
0.00294775
0.00293586
0.00319226
0.00353837
0.00352017
0.00354171
0.0035433
0.00352972
0.00379896
0.0041574
0.00414272
0.00414196
0.00417285
0.00416997
0.00449591
0.00483557
0.00480724
0.00481
0.00481974
0.00484336
0.00522867
0.00560023
0.00553886
0.00552824
0.00553277
0.00554541
0.00597857
0.00640822
0.00634665
0.00632514
0.00629522
0.0063124
0.00588712
0.0055328
0.00558863
0.00557895
0.00555505
0.00552566
0.00513622
0.0047837
0.00483651
0.00485303
0.00485569
0.00482635
0.00441922
0.00410389
0.00414157
0.00414617
0.00417156
0.00417266
0.00378134
0.00348584
0.00350834
0.00351729
0.00351798
0.00354313
0.00318493
0.0029373
0.00293817
0.00293849
0.00293919
0.00294606
0.00262481
0.00242168
0.00243519
0.00242203
0.00241729
0.00241959
0.00211874
0.0019408
0.00196987
0.0019604
0.00195385
0.0019435
0.00167329
0.00151239
0.00153672
0.00154224
0.00153968
0.00153311
0.00127617
0.00114581
0.00116017
0.0011651
0.0011691
0.00117011
0.000941168
0.000829177
0.00084085
0.000842452
0.000843316
0.000848885
0.000655747
0.000567719
0.000574589
0.000573675
0.000575165
0.000575262
0.000419608
0.000353498
0.000360597
0.000357578
0.0003577
0.000357833
0.000235972
0.000187966
0.000194547
0.000193794
0.000192692
0.000192248
0.000106207
7.4252e-005
7.85964e-005
7.88134e-005
7.84954e-005
7.82272e-005
2.85435e-005
1.23038e-005
1.44422e-005
1.4424e-005
1.4473e-005
1.44691e-005
2.73564e-006
-4.33633e-007
2.47943e-008
1.8429e-009
-5.3375e-010
4.84482e-011
-8.71762e-014
-5.58393e-013
7.43873e-014
-3.20521e-015
-4.5384e-016
9.73253e-017
-7.44857e-018
-1.66142e-019
1.09438e-019
-1.24238e-020
3.4504e-022
1.00797e-022
-1.73011e-023
1.08745e-024
6.06255e-026
-2.07556e-026
2.0138e-027
-2.0447e-029
-2.1e-029
2.99948e-030
-1.47071e-031
-1.59575e-032
3.82636e-033
-3.15016e-034
-3.61863e-036
4.18063e-036
-5.0669e-037
1.73966e-038
3.6741e-039
-6.87323e-040
4.70861e-041
1.8981e-042
-8.03198e-043
8.31991e-044
-1.48352e-045
-7.83681e-046
1.20409e-046
-6.60179e-048
-5.48907e-049
1.49766e-049
-1.322e-050
-2.46889e-053
1.58737e-052
-2.05646e-053
8.34716e-055
1.32215e-055
-2.71884e-056
2.01691e-057
5.48072e-059
-3.09234e-059
3.41809e-060
-8.53489e-062
-2.89903e-062
4.81263e-063
-2.91301e-064
-1.83348e-065
5.83511e-066
-5.50965e-067
3.75358e-069
5.9873e-069
-8.30763e-070
3.87234e-071
4.68392e-072
-1.07084e-072
8.5595e-074
1.34969e-075
-1.18409e-075
1.39691e-076
-4.42542e-078
-1.06163e-078
1.91529e-079
-1.26763e-080
-5.87346e-082
2.26264e-082
-2.28183e-083
3.36561e-085
2.24171e-085
-3.34102e-086
1.75276e-087
1.62693e-088
-4.19905e-089
3.60314e-090
2.05098e-092
-4.50747e-092
5.68069e-093
-2.16163e-094
-3.84165e-095
7.58968e-096
-5.45281e-097
-1.76305e-098
8.72989e-099
-9.39566e-100
2.07597e-101
8.32374e-102
-1.33775e-102
7.78505e-104
5.50657e-105
-1.63913e-105
1.50581e-106
-5.04012e-109
-1.70492e-108
2.29921e-109
-1.01539e-110
-1.37031e-111
2.99461e-112
-2.32258e-113
-4.70845e-115
3.35041e-115
-3.84797e-116
1.11473e-117
3.06144e-118
-5.33327e-119
3.40602e-120
1.79815e-121
-6.36856e-122
6.25206e-123
-7.23289e-125
-6.4034e-125
9.26355e-126
-4.63881e-127
-4.80129e-128
1.17641e-128
-9.80845e-130
-9.50534e-132
1.27855e-131
-1.56796e-132
5.56165e-134
1.11354e-134
-2.11713e-135
1.47175e-136
5.56575e-138
-2.4623e-138
2.58034e-139
-4.93904e-141
-2.3861e-141
3.71579e-142
-2.0753e-143
-1.64398e-144
4.60082e-145
-4.11093e-146
-1.05191e-149
4.84909e-148
-6.35838e-149
2.65017e-150
3.99691e-151
-8.36828e-152
6.29312e-153
1.57484e-154
-9.47098e-155
1.05907e-155
-2.77433e-157
-8.81182e-158
1.48402e-158
-9.13261e-160
-5.45652e-161
1.79106e-161
-1.7113e-162
1.41675e-164
1.82669e-164
-2.56655e-165
1.22339e-166
1.41148e-167
-3.29336e-168
2.66665e-169
3.70189e-171
-3.62286e-171
4.32431e-172
-1.42009e-173
-3.22052e-174
5.90145e-175
-3.96537e-176
-1.73156e-177
6.93898e-178
-7.0798e-179
1.13985e-180
6.82971e-181
-1.03136e-181
5.51694e-183
4.88265e-184
-1.29039e-184
1.12102e-185
4.4954e-188
-1.3776e-187
1.75702e-188
-6.88048e-190
-1.16264e-190
2.33676e-191
-1.70255e-192
-5.11679e-194
2.67478e-194
-2.9123e-195
6.80119e-197
2.5319e-197
-4.12638e-198
2.44323e-199
1.64351e-200
-5.03297e-201
4.67924e-202
-2.27829e-204
-5.20439e-204
7.10552e-205
-3.21386e-206
-4.13512e-207
9.21287e-208
-7.24018e-209
-1.32398e-210
1.02553e-210
-1.19162e-211
3.59328e-213
9.29499e-214
-1.64382e-214
1.06638e-215
5.32443e-217
-1.9538e-217
1.94065e-218
-2.51578e-220
-1.95207e-220
2.86054e-221
-1.46217e-222
-1.44356e-223
3.61635e-224
-3.05326e-225
-2.42158e-227
3.90939e-227
-4.85134e-228
1.77549e-229
3.37349e-230
-6.52043e-231
4.59868e-232
1.62756e-233
-7.54725e-234
8.00127e-235
-1.63503e-236
-7.26297e-237
1.14652e-237
-6.52037e-239
-4.91889e-240
1.41317e-240
-1.27807e-241
1.69631e-244
1.48098e-243
-1.96566e-244
8.40574e-246
1.20766e-246
-2.57531e-247
1.963e-248
4.50075e-250
-2.90019e-250
3.2809e-251
-8.99264e-253
-2.67754e-253
2.9477e-006
1.47888e-005
1.43221e-005
1.42457e-005
1.42875e-005
1.43325e-005
3.09298e-005
8.0863e-005
7.84728e-005
7.77833e-005
7.77311e-005
7.79928e-005
0.000110229
0.000198731
0.000194456
0.000193604
0.000192374
0.000192202
0.00024287
0.000364769
0.000360608
0.000360709
0.000360108
0.000357698
0.000425906
0.000582193
0.000575589
0.000576533
0.000579591
0.000577131
0.0006644
0.000850009
0.000841547
0.000841299
0.000845689
0.000849353
0.000963335
0.0011763
0.00115728
0.00115972
0.00115902
0.00116559
0.00131194
0.00155651
0.00153268
0.00152536
0.00152637
0.00152831
0.00170298
0.00198148
0.0019652
0.00195579
0.00194673
0.00194467
0.00214999
0.00244083
0.00243972
0.00243725
0.00243396
0.00241573
0.00264192
0.00296232
0.0029452
0.00296056
0.00296801
0.00295993
0.0032013
0.00353469
0.00351255
0.00352013
0.00353125
0.00354924
0.00383268
0.00417145
0.00412583
0.00413499
0.00413649
0.00415594
0.00451696
0.00487437
0.00482628
0.00480033
0.00481399
0.00481047
0.0052164
0.00561111
0.0055848
0.00555168
0.005528
0.00553054
0.00595575
0.00636122
0.0063666
0.00636704
0.00634274
0.00630929
0.00587838
0.00551325
0.00554415
0.00558573
0.00558191
0.00557071
0.00511755
0.00477524
0.00480903
0.00481857
0.00484215
0.00485472
0.00443972
0.00411222
0.00413358
0.00413567
0.00414532
0.00415958
0.00379325
0.00350929
0.0035232
0.00350571
0.00351593
0.00351562
0.00316966
0.00294635
0.00296335
0.00295053
0.00293489
0.00294265
0.00260762
0.00241095
0.0024394
0.00244069
0.002426
0.00241586
0.00210983
0.0019315
0.00195276
0.001965
0.00196521
0.00195816
0.00166558
0.00151056
0.00153111
0.00153096
0.0015424
0.00154157
0.00128266
0.00114481
0.0011594
0.00115969
0.00116183
0.00116737
0.000942591
0.000835315
0.000842547
0.000840671
0.000841275
0.000842981
0.000651766
0.000570905
0.000578037
0.000575749
0.0005728
0.000574356
0.000416259
0.000352148
0.000361432
0.00036077
0.000359138
0.000357331
0.000234954
0.00018699
0.000193791
0.000194297
0.000194334
0.000193234
0.000105054
7.41436e-005
7.82645e-005
7.82215e-005
7.86535e-005
7.86793e-005
2.8147e-005
1.23278e-005
1.44431e-005
1.43886e-005
1.43485e-005
1.44699e-005
2.62547e-006
-4.27424e-007
2.52744e-008
1.7068e-009
-5.21516e-010
4.84416e-011
-2.30219e-013
-5.39523e-013
7.35906e-014
-3.32249e-015
-4.29061e-016
9.54492e-017
-7.49355e-018
-1.38167e-019
1.06291e-019
-1.23395e-020
3.70968e-022
9.63988e-023
-1.70282e-023
1.10333e-024
5.53294e-026
-2.02466e-026
2.00922e-027
-2.58321e-029
-2.02386e-029
2.96279e-030
-1.51206e-031
-1.49827e-032
3.74692e-033
-3.16045e-034
-2.54907e-036
4.05222e-036
-5.02399e-037
1.83433e-038
3.49926e-039
-6.75488e-040
4.75876e-041
1.693e-042
-7.82151e-043
8.28463e-044
-1.68472e-045
-7.53097e-046
1.18758e-046
-6.74453e-048
-5.10729e-049
1.46429e-049
-1.32307e-050
1.59587e-053
1.53522e-052
-2.03575e-053
8.68851e-055
1.25295e-055
-2.66807e-056
2.0316e-057
4.6905e-059
-3.0058e-059
3.39734e-060
-9.28016e-062
-2.77672e-062
4.73959e-063
-2.96092e-064
-1.68463e-065
5.6959e-066
-5.50184e-067
5.28825e-069
5.77647e-069
-8.21116e-070
3.99357e-071
4.41118e-072
-1.04927e-072
8.59686e-074
1.04686e-075
-1.1487e-075
1.38603e-076
-4.69877e-078
-1.01292e-078
1.88345e-079
-1.28308e-080
-5.29587e-082
2.20493e-082
-2.27395e-083
3.94085e-085
2.15687e-085
-3.29722e-086
1.795e-087
1.51991e-088
-4.10814e-089
3.60957e-090
8.97207e-093
-4.36344e-092
5.62718e-093
-2.26073e-094
-3.64852e-095
7.4525e-096
-5.49974e-097
-1.54004e-098
8.49209e-099
-9.34555e-100
2.28983e-101
7.98383e-102
-1.31825e-102
4.11074e-010
1.33835e-005
1.4505e-005
1.42586e-005
1.42686e-005
1.43383e-005
1.44413e-005
7.50907e-005
7.92114e-005
7.7504e-005
7.77979e-005
7.784e-005
7.8411e-005
0.000189151
0.000196432
0.000193055
0.000192472
0.0001923
0.000193299
0.000352086
0.000363554
0.00036035
0.000359472
0.000357333
0.000357903
0.000567842
0.000578131
0.0005781
0.000578939
0.000577398
0.000575197
0.000834129
0.00084388
0.000842408
0.000845465
0.000848878
0.000848907
0.00115417
0.00116142
0.00115805
0.00116052
0.00116532
0.00117661
0.00153297
0.00153788
0.00152343
0.00152965
0.00152753
0.00154489
0.00196034
0.00196857
0.00195281
0.0019429
0.00194684
0.00196034
0.00242573
0.00244447
0.00243974
0.00242727
0.00241663
0.00243081
0.00294245
0.00294836
0.00296401
0.00296376
0.00295561
0.00295896
0.00350969
0.00352006
0.00351695
0.0035412
0.00354461
0.00356724
0.00414081
0.0041404
0.00413249
0.00414499
0.00415868
0.0042174
0.00484632
0.00482425
0.00480106
0.0048101
0.00481676
0.00488832
0.00559986
0.00557906
0.00555129
0.00552054
0.00553829
0.00559421
0.00635658
0.00636929
0.00636103
0.00632951
0.00629752
0.00623213
0.00552396
0.00555304
0.00558744
0.00558752
0.00556106
0.00545589
0.00478763
0.00481354
0.00481739
0.00485513
0.00485072
0.0047548
0.00411544
0.00412432
0.00413815
0.0041426
0.00416814
0.00408536
0.00351986
0.00350822
0.00351189
0.00351043
0.00352045
0.00343847
0.00295432
0.00295576
0.00294656
0.00293523
0.00294148
0.00285237
0.00241651
0.0024411
0.00243752
0.00242793
0.00241401
0.00232814
0.00193226
0.0019565
0.00196491
0.00196436
0.00195401
0.00185822
0.00151266
0.00152653
0.00153437
0.00154168
0.00154229
0.0014523
0.00114599
0.00115634
0.00116161
0.00116071
0.00117013
0.00108916
0.000834728
0.00083948
0.00084071
0.000841938
0.000842938
0.000774825
0.000569503
0.000577307
0.000574572
0.000573946
0.00057397
0.000512184
0.000351393
0.000360983
0.000360171
0.000358589
0.000357172
0.000306292
0.000185895
0.000193065
0.000194505
0.000193937
0.000193156
0.000155079
7.33521e-005
7.76841e-005
7.85278e-005
7.86292e-005
7.86859e-005
5.58465e-005
1.16725e-005
1.4223e-005
1.44215e-005
1.44029e-005
1.44809e-005
8.55798e-006
-6.09538e-007
-2.05774e-008
9.87284e-009
-1.05507e-009
2.24908e-011
9.45482e-012
-1.50671e-012
8.67451e-014
6.32533e-015
-1.85132e-015
1.68828e-016
-4.05564e-019
-1.93247e-018
2.58659e-019
-1.1253e-020
-1.56392e-021
3.37826e-022
-2.59889e-023
-5.59071e-025
3.79132e-025
-4.32347e-026
1.22085e-027
3.48131e-028
-6.00971e-029
3.80087e-030
2.07501e-031
-7.19674e-032
7.01447e-033
-7.50853e-035
-7.26394e-035
1.04265e-035
-5.15459e-037
-5.49155e-038
1.32776e-038
-1.09851e-039
-1.18493e-041
1.44774e-041
-1.76267e-042
6.12977e-044
1.26792e-044
-2.38678e-045
1.64443e-046
6.46861e-048
-2.78403e-048
2.89683e-049
-5.31295e-051
-2.70923e-051
4.1843e-052
-2.31076e-053
-1.88568e-054
5.19532e-055
-4.6077e-056
-5.71169e-059
5.49461e-058
-7.15166e-059
2.93312e-060
4.55822e-061
-9.43854e-062
7.03901e-063
1.85371e-064
-1.07147e-064
1.18967e-065
-3.02728e-067
-1.00156e-067
1.67192e-068
-1.01854e-069
-6.28344e-071
2.02353e-071
-1.91946e-072
1.41724e-074
2.07147e-074
-2.88819e-075
1.35807e-076
1.61286e-077
-3.71633e-078
2.98549e-079
4.48796e-081
-4.10116e-081
4.86024e-082
-1.56163e-083
-3.66493e-084
6.65179e-085
-4.42845e-086
-2.0057e-087
7.84383e-088
-7.94615e-089
1.21378e-090
7.75158e-091
-1.16117e-091
6.1381e-093
5.59341e-094
-1.45683e-094
1.25609e-095
6.32643e-098
-1.56052e-097
1.97581e-098
-7.60341e-100
-1.32501e-100
2.63511e-101
-1.90354e-102
-5.98525e-104
3.02529e-104
-3.27065e-105
7.38654e-107
2.87649e-107
-4.64794e-108
2.72316e-109
1.8892e-110
-5.68502e-111
5.24692e-112
-2.06718e-114
-5.89983e-114
7.99436e-115
-3.56365e-116
-4.72102e-117
1.0394e-117
-8.10288e-119
-1.57987e-120
1.16062e-120
-1.33901e-121
3.94069e-123
1.05721e-123
-1.85247e-124
1.19029e-125
6.15059e-127
-2.20808e-127
2.17756e-128
-2.63738e-130
-2.21474e-130
3.21994e-131
-1.6254e-132
-1.65184e-133
4.08198e-134
-3.42003e-135
-3.07968e-137
4.42724e-137
-5.45429e-138
1.95855e-139
3.84217e-140
-7.3515e-141
5.13928e-142
1.89482e-143
-8.53423e-144
8.98362e-145
-1.76476e-146
-8.24797e-147
1.29119e-147
-7.26247e-149
-5.64551e-150
1.59592e-150
-1.4327e-151
5.17004e-155
1.67835e-153
-2.2111e-154
9.30881e-156
1.3777e-156
-2.90492e-157
2.19605e-158
5.31582e-160
-3.28139e-160
3.68585e-161
-9.82924e-163
-3.04392e-163
5.15523e-164
-3.1927e-165
-1.86899e-166
6.21074e-167
-5.96138e-168
5.27032e-170
6.31935e-170
-8.92228e-171
4.28931e-172
4.85905e-173
-1.14289e-173
9.30015e-175
1.22411e-176
-1.25471e-176
1.50446e-177
-5.00778e-179
-1.11162e-179
2.04946e-180
-1.38511e-181
-5.90813e-183
2.40537e-183
-2.46527e-184
4.09689e-186
2.3614e-186
-3.58428e-187
1.93158e-188
1.67812e-189
-4.47663e-190
3.90762e-191
1.31565e-193
-4.76898e-193
6.11076e-194
-2.41907e-195
-4.00928e-196
8.11271e-197
-5.9428e-198
-1.73449e-199
9.26868e-200
-1.01371e-200
2.41639e-202
8.74861e-203
-1.43361e-203
8.54472e-205
5.63602e-206
-1.74549e-206
1.63032e-207
-8.8883e-210
-1.80081e-209
2.47045e-210
-1.12758e-211
-1.42432e-212
3.19754e-213
-2.52565e-214
-4.42728e-216
3.55232e-216
-4.14632e-217
1.26921e-218
3.2094e-219
-5.70936e-220
3.72609e-221
1.81999e-222
-6.77373e-223
6.75868e-224
-9.12333e-226
-6.75092e-226
9.94247e-227
-5.12203e-228
-4.96498e-229
1.25475e-229
-1.06452e-230
-7.72695e-233
1.3536e-232
-1.68748e-233
6.24916e-235
1.1638e-235
-2.26402e-236
1.60563e-237
5.53461e-239
-2.61568e-239
2.7855e-240
-5.83052e-242
-2.51029e-242
3.98381e-243
-2.28135e-244
-1.68851e-245
4.90168e-246
-4.45383e-247
8.61036e-250
5.12546e-249
-6.83512e-250
2.95145e-251
4.16183e-252
-8.93932e-253
6.84937e-254
1.51569e-255
-1.00475e-255
1.14177e-256
-3.18277e-258
-9.24798e-259
1.58936e-259
-1.00036e-260
-5.55125e-262
1.90595e-262
-1.8511e-263
1.90214e-265
1.92736e-265
-2.7559e-266
1.35376e-267
1.46292e-268
-3.51427e-269
2.89638e-270
3.28204e-272
-3.83791e-272
4.65623e-273
-1.60322e-274
-3.37032e-275
6.31365e-276
-4.33073e-277
-1.73638e-278
7.37505e-279
-7.64705e-280
1.37219e-281
7.19165e-282
-1.10624e-282
6.07499e-284
5.03021e-285
-1.37541e-285
1.21537e-286
2.10023e-289
-1.4571e-288
1.88965e-289
-7.6878e-291
-1.21257e-291
2.49732e-292
-1.85476e-293
-5.00551e-295
2.83919e-295
-3.14139e-296
7.87721e-298
2.65999e-298
-4.42122e-299
2.67994e-300
1.67932e-301
-5.35843e-302
5.06471e-303
-3.51464e-305
-5.49535e-305
7.63321e-306
-3.56491e-307
-4.29457e-308
9.83526e-309
-7.87033e-310
-1.22815e-311
1.08706e-311
-1.28373e-312
4.0797e-314
9.73886e-315
-1.75889e-315
1.167e-316
5.45143e-318
-2.44708e-318
4.47999e-319
-1.35275e-320
-7.0765e-320
3.69413e-320
-1.26436e-319
9.20988e-320
-7.85713e-320
-1.06664e-319
4.47475e-320
-9.20988e-320
1.01461e-319
4.16497e-321
6.8685e-320
-1.13951e-319
1.09786e-319
-3.12249e-321
-1.18635e-319
1.17593e-319
1.44648e-319
-9.31363e-320
4.995e-320
-4.94313e-320
-2.7055e-320
8.7415e-320
2.80975e-320
-2.75787e-320
1.30087e-320
5.15113e-320
-5.8275e-320
3.79838e-320
3.17388e-320
3.64126e-321
6.55625e-320
0
-7.80624e-321
1.00424e-319
5.20251e-321
5.18769e-322
7.75288e-320
-1.08749e-319
5.56763e-320
-9.52213e-320
1.23319e-319
2.4559e-319
-1.61312e-320
-2.60373e-321
-8.7415e-320
9.36748e-321
4.16497e-321
7.75288e-320
1.92537e-320
1.82113e-320
-2.60373e-321
1.3112e-319
-3.7465e-320
-2.2895e-320
-4.579e-320
1.33205e-319
-9.36748e-321
7.701e-320
-7.23263e-320
-4.579e-320
-1.457e-320
-2.02913e-320
-1.46209e-319
-2.32063e-319
-5.72128e-321
-2.2895e-320
-1.7691e-319
4.94313e-320
-6.8685e-320
-6.29588e-320
1.51416e-319
3.9545e-320
5.20301e-320
1.92537e-320
-4.52663e-320
2.914e-320
-7.28253e-321
-2.60373e-321
-5.98363e-320
1.57656e-319
4.1625e-320
-4.21438e-320
1.64944e-319
-8.32501e-320
-1.50888e-320
2.34138e-320
2.227e-319
7.80476e-320
3.59038e-320
9.15751e-320
9.26175e-320
5.72128e-321
-9.83388e-320
1.1239e-319
-9.00138e-320
7.18026e-320
-1.33724e-319
-6.29588e-320
-1.52973e-319
1.92537e-320
-1.1031e-319
-3.43425e-320
-2.44562e-320
-2.03965e-319
6.76376e-321
-4.16497e-321
1.29559e-319
4.21438e-320
-3.7465e-320
-7.18026e-320
-8.16888e-320
9.41788e-320
-1.249e-320
-1.249e-320
-1.02504e-319
5.30725e-320
-4.21438e-320
-3.538e-320
-9.88625e-321
-9.73013e-320
6.60813e-320
-8.58538e-320
-4.26675e-320
7.701e-320
-5.51525e-320
1.59741e-319
5.87988e-320
-5.30725e-320
5.35913e-320
-5.8275e-320
-5.77563e-320
-3.59038e-320
-2.2895e-320
-6.244e-320
-7.64863e-320
-7.80476e-320
1.22276e-319
-5.35913e-320
-4.05875e-320
-1.56075e-320
-2.75787e-320
3.07012e-320
-7.23263e-320
1.30083e-319
1.30087e-320
3.27813e-320
3.27813e-320
-1.1031e-319
1.13951e-319
3.59038e-320
6.97225e-320
4.26675e-320
6.08788e-320
-4.787e-320
-1.34761e-319
3.17388e-320
-1.44648e-319
-2.60373e-321
-2.80975e-320
5.51525e-320
3.07012e-320
8.84526e-320
-3.17388e-320
-1.32163e-319
6.50388e-320
1.19154e-319
3.33529e-319
-4.995e-320
1.01985e-319
-2.65363e-320
2.60373e-321
3.538e-320
-5.04737e-320
-1.21234e-319
2.4975e-320
1.75349e-319
-2.65363e-320
5.46338e-320
-3.01775e-320
-8.01276e-320
2.7055e-320
4.00638e-320
5.25538e-320
1.1031e-319
-1.11348e-319
8.27313e-320
-7.96088e-320
-9.88625e-321
1.04584e-319
-1.30601e-319
-2.34138e-320
1.99805e-319
9.36748e-321
7.12838e-320
-1.15513e-319
1.05108e-319
1.42049e-319
-4.73513e-320
1.1031e-319
-4.579e-320
1.14994e-319
1.11348e-319
8.117e-320
-6.97225e-320
3.27813e-320
4.05875e-320
6.29588e-320
-1.33205e-319
-3.17388e-320
-3.48613e-320
7.38875e-320
-8.63726e-320
3.64126e-321
-2.23762e-320
1.75349e-319
5.18769e-322
4.579e-320
-1.76391e-319
-2.86163e-320
-7.80624e-321
2.86163e-320
1.08225e-319
-1.05626e-319
-1.19663e-320
-1.71688e-320
4.68275e-320
9.31363e-320
7.49251e-320
-1.04248e-321
-6.08788e-320
-9.88625e-320
-5.20301e-320
-4.1625e-320
-1.19154e-319
7.909e-320
-6.92038e-320
-1.33205e-319
1.30087e-320
-4.00638e-320
-5.87988e-320
1.06145e-319
1.11348e-319
7.38875e-320
1.09287e-320
4.68374e-321
1.92537e-320
6.92038e-320
-2.39325e-320
1.45171e-319
-1.82113e-320
6.8685e-320
7.64863e-320
1.82113e-320
3.538e-320
2.23762e-320
-6.34776e-320
1.16031e-319
-1.02504e-319
3.22625e-320
5.8275e-320
-2.02913e-320
8.37738e-320
-1.11348e-319
-2.02913e-320
-1.1655e-319
-5.8275e-320
-1.50888e-320
4.68374e-321
2.2895e-320
5.15113e-320
1.50374e-319
2.75787e-320
-1.14994e-319
9.88625e-320
-5.77563e-320
-6.24499e-321
-9.62588e-320
1.07706e-319
-1.20196e-319
-4.42288e-320
-1.32163e-319
-3.01775e-320
8.94951e-320
-4.05875e-320
-8.42925e-320
8.63726e-320
-7.80624e-321
9.00138e-320
-1.42049e-319
-1.87315e-319
4.73513e-320
5.35913e-320
-5.30725e-320
8.48113e-320
1.92537e-320
5.87988e-320
-1.75349e-319
2.96588e-320
3.79838e-320
2.60175e-320
6.71238e-320
4.31863e-320
-3.59038e-320
1.249e-320
1.2696e-319
-8.22125e-320
3.22625e-320
-1.30083e-319
-3.40293e-319
-4.89125e-320
5.18769e-322
-6.452e-320
2.39325e-320
-2.00843e-319
1.61312e-320
-9.15751e-320
-4.579e-320
1.35275e-320
7.64863e-320
-1.44648e-319
-1.14475e-320
-2.08002e-321
-3.17388e-320
1.56125e-321
-1.00943e-319
-3.38188e-320
-1.01461e-319
1.24875e-319
2.13338e-320
5.25538e-320
1.249e-320
-1.92537e-320
-1.59741e-319
1.35285e-319
-6.55625e-320
-8.89763e-320
-6.40013e-320
-2.75787e-320
-4.787e-320
-2.80975e-320
-5.46338e-320
7.909e-320
-5.8275e-320
-8.22125e-320
-4.16497e-321
-7.44063e-320
1.00424e-319
4.63088e-320
4.68374e-321
-1.00424e-319
-6.76425e-320
-1.25918e-319
-7.54488e-320
1.08749e-319
-4.68374e-321
-2.0815e-320
2.65363e-320
4.26675e-320
6.71238e-320
-1.23838e-319
7.701e-320
8.117e-320
-1.34761e-319
2.7055e-320
1.18111e-319
-4.47475e-320
4.31863e-320
-9.88625e-320
1.1447e-319
-8.58538e-320
-9.99001e-320
-1.22795e-319
-9.88625e-321
1.30087e-320
8.63726e-320
3.122e-320
-1.75349e-319
2.65363e-320
-7.909e-320
-4.11063e-320
3.64225e-320
-8.37738e-320
8.32501e-321
6.452e-320
2.86163e-320
1.02504e-319
-1.21234e-319
2.23762e-320
-1.68066e-319
2.23762e-320
9.36748e-321
-9.52213e-320
5.87988e-320
-5.25538e-320
-7.0765e-320
-2.7055e-320
9.88625e-321
4.42288e-320
-8.48113e-320
9.78201e-320
-4.16497e-321
1.30087e-320
6.244e-320
-7.12838e-320
-3.17388e-320
1.0405e-320
-1.82113e-320
7.33638e-320
-4.31863e-320
-1.71688e-320
7.18026e-320
-1.40463e-320
-2.75787e-320
-1.61312e-320
-2.31544e-319
-6.76376e-321
-1.44129e-319
-8.84378e-321
2.34138e-320
3.59038e-320
3.33e-320
-1.04065e-319
1.04248e-321
4.26675e-320
-4.52663e-320
1.61312e-320
1.76925e-320
9.67825e-320
-3.17388e-320
7.701e-320
-1.61821e-319
4.68275e-320
1.11348e-319
-1.14994e-319
-1.873e-320
-1.40488e-319
-3.43425e-320
8.32501e-321
1.09287e-320
1.873e-320
-3.79838e-320
8.32501e-321
2.39325e-320
6.97225e-320
3.59038e-320
1.27998e-319
2.60373e-321
-9.26175e-320
-3.7465e-320
7.33638e-320
2.39325e-320
-2.03446e-319
1.56075e-320
1.08749e-319
1.02504e-319
-1.82113e-320
-3.69413e-320
-1.1031e-319
6.50388e-320
7.23263e-320
4.11063e-320
4.83888e-320
-1.76925e-320
4.995e-320
1.457e-320
-1.34761e-319
-5.30725e-320
-3.07012e-320
-6.76425e-320
7.59675e-320
1.35275e-320
-9.67825e-320
2.18525e-320
-6.55625e-320
-3.12249e-321
-2.4975e-320
-5.18769e-322
2.23762e-320
-1.76925e-320
3.538e-320
8.06513e-320
4.1625e-320
-1.90438e-319
-6.19163e-320
1.56125e-321
7.80624e-321
5.4115e-320
-1.12909e-319
-5.04737e-320
1.66505e-319
-2.96588e-320
-2.65363e-320
-9.93813e-320
7.28253e-321
9.26175e-320
1.55058e-319
-4.16497e-321
6.81613e-320
7.38875e-320
5.6195e-320
1.14475e-320
-2.44562e-320
-1.14475e-320
3.9545e-320
-8.32501e-320
2.23762e-320
3.38188e-320
-1.30083e-319
9.20988e-320
-1.97725e-320
-1.13951e-319
-5.67138e-320
5.09925e-320
1.12909e-319
-1.1239e-319
0
-1.30087e-320
5.18769e-322
-9.73013e-320
-2.44562e-320
-2.4975e-320
-1.1031e-319
5.72375e-320
5.67138e-320
-2.96588e-320
-1.91999e-319
3.79838e-320
1.92537e-320
1.66505e-319
-5.04737e-320
6.50388e-320
-1.04065e-319
-3.85025e-320
7.701e-320
1.873e-320
-2.60373e-321
6.50388e-320
1.56125e-321
3.33e-320
1.10829e-319
6.97225e-320
-3.33e-320
5.98363e-320
1.50888e-320
2.23762e-320
-6.19163e-320
5.4115e-320
3.69413e-320
8.42925e-320
-2.18525e-320
-9.05375e-320
-5.15113e-320
2.44562e-320
9.88625e-321
-8.94951e-320
-3.27813e-320
-4.68374e-321
-1.56075e-320
8.7415e-320
3.12249e-321
-1.45171e-319
7.23263e-320
-1.56075e-320
2.34138e-320
-3.64126e-321
-1.71688e-320
-1.97725e-320
2.0605e-319
9.36748e-321
1.04248e-321
2.65363e-320
1.88358e-319
1.09287e-320
-1.19663e-320
-6.71238e-320
7.80476e-320
1.05108e-319
-9.31363e-320
5.56763e-320
-4.47475e-320
-4.52663e-320
5.30725e-320
-1.03546e-319
7.2845e-320
4.11063e-320
-1.75349e-319
5.04737e-320
-2.96588e-320
5.30725e-320
7.23263e-320
-8.84378e-321
9.88625e-321
-6.71238e-320
9.20988e-320
-8.117e-320
-1.1031e-319
1.00943e-319
2.47151e-319
-2.02928e-319
1.19663e-320
1.04248e-321
-2.13338e-320
3.33e-320
-7.12838e-320
7.49251e-320
5.15113e-320
-1.71688e-320
2.54938e-320
-9.20988e-320
3.01775e-320
-7.75288e-320
-1.69104e-319
-3.48613e-320
4.26675e-320
-1.72745e-319
2.0815e-320
8.68963e-320
-9.10563e-320
-4.11063e-320
-3.33e-320
1.6234e-319
-6.66e-320
3.64126e-321
-7.54488e-320
7.02413e-320
-1.249e-320
8.01276e-320
-4.42288e-320
-2.63283e-319
-3.59038e-320
2.34138e-320
-6.8685e-320
9.20988e-320
-5.56763e-320
5.93175e-320
1.01461e-319
-1.92537e-320
-4.42288e-320
1.04584e-319
2.75787e-320
2.60373e-321
-2.86163e-320
4.995e-320
-4.89125e-320
3.27813e-320
2.2895e-320
-1.665e-320
-3.64126e-321
-6.60813e-320
1.52454e-319
-3.07012e-320
-2.4975e-320
7.44063e-320
2.914e-320
1.97725e-320
4.89125e-320
1.30601e-319
-1.09287e-320
-3.90262e-320
-2.914e-320
-5.51525e-320
-2.96588e-320
1.19663e-320
-1.19663e-320
3.85025e-320
3.33e-320
3.59038e-320
-1.18635e-319
7.0765e-320
-1.55058e-319
-7.701e-320
1.35285e-319
1.873e-320
6.50388e-320
-2.34138e-320
7.909e-320
5.25538e-320
-2.2895e-320
-1.35285e-319
-6.8685e-320
6.03551e-320
1.02504e-319
-3.59038e-320
1.62859e-319
4.05875e-320
-1.36846e-319
8.48113e-320
-1.56075e-320
-1.19154e-319
-1.14475e-320
1.31644e-319
-9.366e-320
-6.13975e-320
-2.71608e-319
-5.8275e-320
-6.24499e-321
-4.68275e-320
5.87988e-320
-4.3705e-320
-2.23762e-320
-1.49331e-319
3.43425e-320
8.42925e-320
-9.574e-320
3.07012e-320
1.55576e-319
-4.995e-320
1.69628e-319
-1.70146e-319
-1.05108e-319
-1.19663e-320
-3.38188e-320
1.52973e-319
3.07012e-320
-3.27813e-320
-1.40463e-320
-1.04248e-321
1.65981e-319
-4.3705e-320
-1.56125e-321
-5.93175e-320
-4.995e-320
7.2845e-320
-4.16497e-321
-5.25538e-320
-2.7055e-320
-8.117e-320
-4.16497e-321
-1.05108e-319
-3.17388e-320
-5.77563e-320
1.65463e-319
2.4975e-320
9.52213e-320
-9.78201e-320
4.63088e-320
-7.80624e-321
-1.72745e-319
2.0815e-320
1.40463e-320
4.68275e-320
7.28253e-321
-7.2845e-320
8.84526e-320
3.9545e-320
-5.56763e-320
7.64863e-320
-2.2895e-320
9.05375e-320
-3.22625e-320
-1.76925e-320
-1.18635e-319
8.89763e-320
-1.40463e-320
9.366e-320
-8.117e-320
6.40013e-320
-1.14475e-320
2.75787e-320
5.98363e-320
1.86796e-319
1.56075e-320
-1.25918e-319
4.21438e-320
-1.17593e-319
-3.43425e-320
1.92537e-320
1.4777e-319
-8.16888e-320
5.4115e-320
-3.07012e-320
-3.59038e-320
4.68374e-321
6.08788e-320
-8.94951e-320
1.37365e-319
1.2696e-319
9.88625e-321
5.51525e-320
-4.05875e-320
-3.90262e-320
8.48113e-320
-3.59038e-320
-4.31863e-320
6.71238e-320
-6.34776e-320
1.67024e-319
2.34148e-319
5.09925e-320
1.92537e-320
-1.01985e-319
-5.18769e-322
-1.18111e-319
-3.69413e-320
4.579e-320
-1.24356e-319
4.52663e-320
7.18026e-320
-1.23319e-319
1.01985e-319
-5.98363e-320
-1.04248e-321
4.1625e-320
6.76376e-321
-1.20715e-319
4.00638e-320
3.48613e-320
3.64225e-320
1.97725e-320
-1.665e-320
-2.7055e-320
8.42925e-320
7.80624e-321
1.14475e-320
-1.97725e-320
6.97225e-320
-1.19673e-319
-4.52663e-320
5.4115e-320
1.96164e-319
-8.79338e-320
-6.40013e-320
1.18635e-319
1.05108e-319
-6.452e-320
-6.19163e-320
-1.46209e-319
-3.122e-320
1.20196e-319
3.07012e-320
1.23319e-319
1.71688e-320
-1.24356e-319
-2.7055e-320
-8.27313e-320
4.00638e-320
-2.54938e-320
7.64863e-320
1.1447e-319
1.05626e-319
-1.1447e-319
6.34776e-320
-5.72128e-321
1.70665e-319
-6.50388e-320
2.86163e-320
-7.96088e-320
-2.13338e-320
-5.15113e-320
7.23263e-320
-2.65363e-320
5.6195e-320
-7.38875e-320
5.15113e-320
1.37884e-319
-7.96088e-320
5.35913e-320
-4.52663e-320
4.16497e-321
-1.249e-320
1.1031e-319
-1.18111e-319
8.58538e-320
8.06513e-320
-8.68963e-320
-4.05875e-320
-8.01276e-320
-1.56125e-321
1.4153e-319
-5.4115e-320
3.07012e-320
-3.85025e-320
2.80975e-320
-4.68374e-321
2.08002e-321
1.75868e-319
-4.73513e-320
-1.1031e-319
-5.35913e-320
-0
1.08749e-319
-1.15513e-319
3.48613e-320
-5.20251e-321
-2.34138e-320
4.26675e-320
6.76376e-321
6.29588e-320
-1.2696e-319
2.96588e-320
2.7055e-320
1.37884e-319
-1.82113e-320
2.86163e-320
-2.4975e-320
-6.244e-320
1.72226e-319
-3.7465e-320
-1.80551e-319
-4.83888e-320
1.1447e-319
-9.52213e-320
1.3112e-319
-5.4115e-320
-4.21438e-320
-9.88625e-321
-1.0405e-320
9.52213e-320
-8.37738e-320
1.92537e-320
-4.579e-320
4.05875e-320
-1.457e-320
-2.08002e-321
-7.02413e-320
-3.43425e-320
5.51525e-320
1.50374e-319
-7.54488e-320
-8.79338e-320
5.25538e-320
-1.76925e-320
1.81594e-319
1.873e-320
1.33205e-319
-1.50888e-320
1.50888e-320
-9.93813e-320
4.68275e-320
-3.64126e-321
1.06664e-319
-1.13951e-319
1.11871e-319
2.50798e-319
-1.0405e-320
-9.15751e-320
-1.61312e-320
-4.42288e-320
-3.33e-320
6.55625e-320
-1.00943e-319
-5.6195e-320
-1.75349e-319
-1.01461e-319
7.18026e-320
1.30087e-320
-1.84193e-319
-5.18769e-322
-2.4975e-320
3.33e-320
-2.13338e-320
-4.3705e-320
-2.65363e-319
1.894e-319
6.40013e-320
-1.30087e-320
-1.38926e-319
-1.56125e-321
2.914e-320
-7.18026e-320
-5.72375e-320
7.701e-320
9.62588e-320
1.04584e-319
1.249e-320
-5.51525e-320
-1.76925e-320
-5.20301e-320
-1.39445e-319
-9.36748e-321
-1.77429e-319
4.26675e-320
1.57656e-319
2.96588e-320
7.28253e-321
-4.26675e-320
8.89763e-320
-2.39325e-320
1.4569e-319
4.21438e-320
6.452e-320
1.04248e-321
2.60175e-320
-1.69104e-319
1.14475e-320
-2.7055e-320
-9.88625e-321
-2.13338e-320
-1.92537e-320
-2.18525e-320
1.05626e-319
1.37884e-319
-3.27813e-320
1.84716e-319
9.05375e-320
-1.05108e-319
-1.34243e-319
-8.68963e-320
-2.7055e-320
-1.25399e-319
3.07012e-320
4.63088e-320
1.96164e-319
-6.29588e-320
-8.63726e-320
1.09268e-319
-1.61312e-320
-3.27813e-320
2.44562e-320
-1.67543e-319
6.76376e-321
-2.08002e-321
-1.4777e-319
8.37738e-320
6.19163e-320
-7.701e-320
-1.14475e-320
-4.579e-320
-8.84378e-321
-4.11063e-320
-3.90262e-320
-1.23838e-319
-1.40463e-320
6.81613e-320
0.291115
0.291603
0.0501372
0.305748
0.28697
0.0497094
0.311885
0.514849
0.262183
0.0493543
0.0103347
0.313867
0.278459
0.0484499
0.00985864
-0.000935067
6.89228e-006
1.00927e-005
0.0549439
0.0447853
0.00785174
0.0015582
0.340641
0.265604
0.0467703
0.00913956
-0.000916478
1.29079e-005
9.08376e-006
0.058981
0.0426971
0.00758021
0.00144113
0.369604
0.626488
0.22424
0.104098
0.0645749
0.0308515
0.0134495
0.380569
0.245434
0.0442606
0.00800901
0.0639971
0.10119
0.0357612
0.017225
0.0104138
0.00500092
0.00214081
0.404711
0.233746
0.414345
0.228784
0.418084
0.226832
0.042845
0.00711258
-0.000845013
2.73601e-005
6.34445e-006
0.0704412
0.0369638
0.00691914
0.0011143
0.431557
0.219367
0.0413002
0.00649836
-0.000812855
3.03596e-005
5.57213e-006
0.0733122
0.0352997
0.00671533
0.00101416
0.448157
0.20947
0.0400671
0.00590428
-0.000781847
3.32733e-005
4.82462e-006
0.458048
0.203618
0.0392791
0.00554096
-0.000761435
3.48649e-005
4.37542e-006
-9.84925e-007
7.79361e-008
1.34539e-009
-1.09344e-009
0.0129259
0.0144129
0.0153933
0.0107113
0.0144229
0.0141915
0.0153616
0.0106299
0.00685932
0.00590696
0.0035736
0.00190071
0.00155708
0.001604
0.000729354
0.0137696
0.014423
0.0152199
0.0103882
0.00685242
0.00585834
0.00352051
0.00186472
0.00153735
0.00160316
0.000707333
0.000538482
0.000768454
0.000406448
0.000290026
0.000127
-9.43942e-006
-2.53617e-007
0.0145052
0.0143775
0.0149682
0.00999081
0.00685925
0.00578972
0.00342864
0.0018073
0.00150162
0.0015892
0.000675502
0.000550722
0.000748463
0.000389645
0.000297702
0.0152081
0.0143351
0.0147575
0.00966535
0.00684124
0.00574882
0.00334577
0.0017661
0.0014715
0.00157095
0.00065195
0.000559336
0.00073262
0.000375957
0.000301732
0.000104287
-9.3023e-006
-4.47819e-009
0.0159868
0.0143665
0.0145272
0.00938823
0.00685035
0.00568132
0.00323558
0.00172735
0.00143583
0.00155403
0.00062253
0.000564453
0.000714548
0.000358119
0.000304584
0.0165112
0.0143845
0.014411
0.00917309
0.00686228
0.00564355
0.00314645
0.00172173
0.00140867
0.00153111
0.000596755
0.000568672
0.000704617
0.000343233
0.000304052
8.31168e-005
-8.7686e-006
1.74403e-007
0.0169507
0.0143614
0.0143001
0.00894815
0.00684169
0.00559779
0.0030529
0.0017111
0.00138605
0.00149572
0.000569223
0.000576587
0.000698018
0.000326138
0.000300759
0.0171939
0.0142626
0.0142103
0.00870248
0.0068067
0.00553476
0.00297596
0.00170825
0.00137056
0.00145923
0.000546659
0.000583976
0.000698255
0.000313247
0.000295677
6.40447e-005
-7.97547e-006
9.62063e-007
0.0173214
0.0141476
0.0140608
0.00841163
0.00677379
0.00550337
0.00290145
0.00169737
0.00136556
0.00141376
0.000521547
0.000592966
0.000691096
0.000298153
0.000298299
0.0174162
0.0140665
0.0140174
0.00823652
0.00673358
0.00545551
0.00282813
0.00167406
0.0013764
0.00137326
0.000505936
0.000603585
0.000683583
0.000285773
0.000281232
4.73697e-005
-7.0334e-006
5.7846e-005
0.0175243
0.0140026
0.0139443
0.00808365
0.00667449
0.00536545
0.00273914
0.00164373
0.00142105
0.00132021
0.000486848
0.000615823
0.000676269
0.000271226
0.000393802
0.0175098
0.0139906
0.0138099
0.00793527
0.00663439
0.00526699
0.00266497
0.0016259
0.00145
0.00127845
0.000469886
0.00062023
0.000669651
0.000261306
0.000262686
3.31941e-005
-6.02862e-006
0.000267137
0.0173393
0.0141343
0.0136456
0.00775271
0.00655598
0.00514164
0.00258804
0.00162088
0.00147339
0.00123361
0.000453556
0.000621482
0.000669692
0.000251132
0.000843662
0.0171299
0.0142686
0.0136241
0.00759866
0.00647778
0.00503229
0.00252655
0.00162172
0.00150016
0.00119454
0.00044088
0.000642749
0.00066735
0.000241787
0.000246511
2.14744e-005
-5.02589e-006
0.00121264
0.0168455
0.0145812
0.0135721
0.00742144
0.00638152
0.00487902
0.00246154
0.00164412
0.0015295
0.00114434
0.000426522
0.000670554
0.000657663
0.000233086
0.00208544
0.0165061
0.0148656
0.0134751
0.00729359
0.00635506
0.004754
0.0024047
0.00165229
0.00154784
0.00111113
0.000415482
0.000688722
0.000646355
0.000232073
0.000232966
1.20646e-005
-4.07155e-006
0.00282132
0.0160848
0.0151429
0.0133354
0.00718859
0.00632502
0.00460479
0.00235037
0.00166647
0.00156454
0.00108442
0.000409394
0.000714052
0.000629632
0.000232555
0.00385412
0.0157367
0.015303
0.0133183
0.00710937
0.00627467
0.00446832
0.00231235
0.00167142
0.00159087
0.00106464
0.000411439
0.000737985
0.000616268
0.000231321
0.000221885
4.75158e-006
-3.19659e-006
0.00464946
0.0153442
0.0154925
0.0132759
0.00698183
0.00622243
0.00433115
0.00227171
0.00168543
0.00161235
0.00103517
0.000413723
0.000755806
0.00059739
0.000230532
0.0056302
0.0150281
0.0156564
0.013178
0.00691207
0.00618438
0.00423368
0.00222888
0.00169494
0.00162122
0.00100885
0.000419915
0.000763858
0.000579812
0.000230486
0.000213754
-7.15366e-007
-2.4195e-006
0.00662169
0.0147109
0.015737
0.0129785
0.00686996
0.00616315
0.00411108
0.00217405
0.00171542
0.00162246
0.000973635
0.000424986
0.000771484
0.000557601
0.000229339
0.000207138
-3.01437e-006
-2.04032e-006
3.03513e-007
-1.58774e-008
-1.48393e-009
3.81709e-010
0.0079019
0.0143913
0.0157146
0.0126383
0.00688473
0.00612982
0.00396391
0.00213859
0.00171829
0.00162365
0.000925447
0.000440008
0.00078119
0.000527078
0.000232014
0.00875908
0.0142635
0.0156879
0.0123626
0.00690778
0.00609911
0.00388873
0.00211659
0.00170399
0.0016188
0.000895562
0.00045321
0.000787981
0.000507353
0.000237587
0.000187816
-6.44761e-006
-1.362e-006
0.00967893
0.0141844
0.0156507
0.0119607
0.00690774
0.00607351
0.00380724
0.00206783
0.00168082
0.00160961
0.000857677
0.000470182
0.000792634
0.000486211
0.000243308
0.0107084
0.0141237
0.0155904
0.0115991
0.00690703
0.00603327
0.00374808
0.00202733
0.00165595
0.00159485
0.000822654
0.000481481
0.000795672
0.000467534
0.000250148
0.000166424
-8.28426e-006
-8.69088e-007
0.0116662
0.0142265
0.0154872
0.0111639
0.00691072
0.00600358
0.003681
0.0019797
0.00161499
0.00158317
0.000780942
0.000497827
0.000793213
0.000443336
0.000262284
0.0125358
0.0143536
0.0154607
0.0108687
0.00688664
0.00595594
0.00362268
0.00193471
0.00158191
0.00159508
0.000752334
0.000515276
0.000786549
0.000426307
0.000274492
0.000143294
-9.21372e-006
-4.74918e-007
0.0134382
0.0144385
0.0152803
0.0104988
0.0068534
0.00587987
0.00354519
0.00188148
0.00154605
0.00160455
0.00071745
0.000534824
0.000772785
0.000410976
0.000287196
0.0141815
0.0143948
0.0150776
0.0101676
0.00685617
0.00581119
0.00347003
0.0018324
0.00151836
0.00159625
0.000688386
0.00054547
0.000758115
0.000397099
0.000294721
0.000119999
-9.44907e-006
-1.70009e-007
0.0149351
0.0143477
0.0148293
0.00976932
0.0068511
0.00576279
0.00337531
0.00177778
0.00148044
0.00157798
0.000659983
0.000557044
0.000737333
0.000380694
0.000300466
0.0156783
0.0143494
0.0145988
0.00950666
0.00683241
0.00570886
0.00328424
0.00174289
0.00145209
0.00156268
0.000635784
0.000562884
0.000722034
0.000366231
0.000303622
9.76775e-005
-9.17562e-006
5.66152e-008
0.0163371
0.0143875
0.0144422
0.00922872
0.00685957
0.0056513
0.00317493
0.00172291
0.00141594
0.00153934
0.000605446
0.000566471
0.000706594
0.000348231
0.00030457
0.0167817
0.0143751
0.0143388
0.00905848
0.00685664
0.00562258
0.00309425
0.00171618
0.00139394
0.00151274
0.000581479
0.000573077
0.00070103
0.000333642
0.000302627
7.70977e-005
-8.55008e-006
2.16491e-007
0.0171238
0.014307
0.0142459
0.00878969
0.00682346
0.00555897
0.00300203
0.00170945
0.00137505
0.00147146
0.000554368
0.000581545
0.000698851
0.000317471
0.000297657
0.0172778
0.0141929
0.0141253
0.00853575
0.00678606
0.00551639
0.00293315
0.00170399
0.00136573
0.00143393
0.000531409
0.000587365
0.000695069
0.000305072
0.000291646
5.87305e-005
-7.70132e-006
4.37602e-006
0.0173856
0.0140967
0.0140257
0.00828983
0.00674706
0.00547453
0.00285446
0.00168316
0.0013714
0.00138754
0.000510809
0.000600248
0.000685548
0.000289647
0.000316724
0.0174924
0.01403
0.0139806
0.00815048
0.00669651
0.00540748
0.00277291
0.00165589
0.0014001
0.00134363
0.00286889
0.386168
0.0578248
0.00439549
-0.000736173
4.5019e-005
2.74424e-006
0.00441137
0.379328
0.0544053
0.00318248
0.00541705
0.375016
0.0564207
0.00435285
-0.000741805
4.62604e-005
2.64739e-006
-8.91929e-007
8.60434e-008
-8.1356e-010
-9.05155e-010
0.0112473
0.419843
0.0623132
0.00324333
-0.000736781
5.86506e-005
9.60469e-007
0.0151016
0.412481
0.0699168
0.0150016
0.0168877
0.408182
0.0589784
0.00274411
-0.000689767
5.83457e-005
4.47552e-007
-7.4506e-007
9.26221e-008
-3.40535e-009
-6.42024e-010
0.0279649
0.455683
0.0854365
0.0246801
0.0010508
-0.000381917
3.78168e-005
0.0364773
0.446651
0.0744203
0.0132943
0.0401901
0.474232
0.091638
0.0308544
0.00362216
-0.000613177
3.79556e-005
0.0524528
0.465433
0.0832758
0.0191781
0.0573165
0.517897
0.11169
0.0437554
0.0136241
-0.000855589
-4.78388e-005
0.0705235
0.573546
0.13502
0.0566608
0.0941621
0.568922
0.142157
0.0721953
0.030692
0.00738858
-0.000730021
0.0898933
0.440699
0.0768
0.0175577
0.00241553
0.101146
0.0930067
0.126081
0.132947
0.138344
0.136007
0.109852
0.0977282
0.0931905
0.127745
0.110336
0.00102638
0.00525378
0.00810286
0.00827808
0.00849771
0.00831118
0.0190967
0.103971
0.139582
0.142946
0.0902278
0.000660255
0.00562985
0.00825234
0.00834293
0.00846587
0.00820542
0.018127
0.102788
0.138178
0.142053
0.10144
0.000977104
0.00809172
0.00891142
0.00738461
7.01776e-005
-9.60768e-005
0.00744364
0.105241
0.0980618
0.0897415
0.0179029
0.106197
0.136952
0.140181
0.118155
0.000172417
-0.00141239
0.00158911
0.00651365
0.00852244
0.00877442
0.0300273
0.105065
0.137739
0.141543
0.142689
0.0377624
-0.00440134
0.00200188
0.00684983
0.00849553
0.00851648
0.0240998
0.0978829
0.136552
0.142712
0.144035
0.129615
0.0310002
-0.00207106
0.0067386
0.00869782
0.00877748
0.00655313
0.00570906
0.00841475
0.00881315
0.00887217
0.00793302
0.00174067
0.0200998
0.107019
0.124902
0.0736182
0.0093355
0.103462
0.119347
0.142338
0.137244
0.145632
0.155111
0.0410158
0.00216722
0.00805
0.00862029
0.019444
0.1047
0.107436
0.145665
0.142206
0.148819
0.146133
0.109459
0.110753
0.141466
0.0621609
-0.00442293
0.00666092
0.00767431
0.00860438
0.00863352
0.00909645
0.00938302
0.0468606
0.116685
0.141949
0.13847
0.0516453
0.00190197
0.00892882
0.00865461
0.00605498
-0.000251088
-3.82306e-005
0.00116443
0.00278668
0.00336917
0.00331261
0.0552663
0.129125
0.142459
0.12484
0.00258533
-0.0018037
0.000206562
0.0141326
0.0328467
0.0358265
0.0313577
0.0576211
0.130462
0.142032
0.0502579
-0.00548768
0.000129841
4.74875e-005
0.0568115
0.118625
0.140132
0.141119
0.0407425
0.00335192
0.00893795
0.0076595
2.00389e-005
-9.27172e-005
1.19455e-005
0.0569576
0.114317
0.137544
0.143143
0.106986
0.116485
0.139898
0.0395653
-0.00505924
0.000199319
3.33201e-005
0.00378485
0.00718577
0.00843901
0.00890708
0.0700816
0.137755
0.14142
0.0549974
-0.00530336
4.98788e-005
5.58249e-005
0.004151
0.00775609
0.0087591
0.00880746
0.0676411
0.117549
0.135566
0.14373
0.120255
0.00822115
-0.00235154
0.0699167
0.126985
0.142618
0.14308
0.0286084
0.0045502
0.00904952
0.00292728
-0.000318488
7.41244e-006
2.7722e-006
0.0711879
0.118696
0.138041
0.0295772
0.0617153
0.106729
0.141072
0.145625
0.138306
0.112643
0.00398018
0.00276984
0.00756317
0.00864688
0.00877987
0.0757661
0.130186
0.14395
0.146711
0.0601323
-0.0051394
-3.20581e-005
0.069034
0.105919
0.10847
0.0230678
0.000863454
0.00834861
0.00895149
0.0091172
0.00347668
-0.000314846
4.7197e-007
0.0662248
0.0942602
0.109633
0.141832
0.09193
0.104078
0.114086
0.139443
0.125544
0.140204
0.13165
0.0253383
0.00209027
0.00704407
0.00890266
0.00580237
0.00654324
0.00724535
0.00874006
0.00779562
0.00858828
0.00795559
0.0821148
0.109283
0.117964
0.141536
0.0927186
0.0919368
0.136874
0.0127132
-0.00315083
0.000264424
2.31983e-006
0.0780284
0.0959647
0.137444
0.139907
0.0141105
0.00425071
0.00766935
0.00880898
0.0081539
0.00847218
0.0077437
0.0879559
0.113093
0.141058
0.140257
0.0143656
0.00323542
0.00893849
0.00851344
0.00864634
0.00829623
0.00729902
0.0859546
0.10663
0.140394
0.00825392
0.0866014
0.115569
0.14181
0.141059
0.14445
0.101336
-0.00273947
0.00461367
0.00673565
0.00871814
0.00855247
0.0907909
0.116919
0.141959
0.1417
0.146042
0.0981053
-0.00320227
0.00490061
0.00745586
0.00878972
0.00878244
0.090904
0.104997
0.14261
0.138097
0.143626
0.130268
0.053311
0.0834629
0.102438
0.142721
0.00281791
0.00373028
0.00674276
0.00886522
0.00863302
0.00882497
0.00799718
0.00307602
0.089179
0.102718
0.129178
0.142741
0.0079823
0.00451362
0.00905056
0.00800669
0.00875737
0.0088184
0.00646009
0.0977939
0.108696
0.104841
0.146841
0.0881745
0.0975323
0.130268
0.144727
0.14608
0.139374
0.127548
0.0900335
0.0957178
0.130285
0.14025
0.0054091
0.00433619
0.00827206
0.00890586
0.00909473
0.00862487
0.00802238
0.0953915
0.136674
0.140673
0.125517
0.00273486
0.00467998
0.00819446
0.00884527
0.00911408
0.0086678
0.00791037
0.0982245
0.135117
0.144477
0.133124
0.00465993
0.0071704
0.00883089
0.00788998
0.000818337
-0.000178702
0.00110046
0.089984
0.0891401
0.121264
-0.000407458
0.0977754
0.139513
0.139453
0.124814
0.0112616
-0.00270652
0.000325256
0.00598026
0.00846474
0.00895661
0.00988278
0.0961572
0.1368
0.144295
0.145974
0.068386
-0.00499084
2.07061e-005
0.00638361
0.00868643
0.00878671
0.00887791
0.102577
0.126858
0.133956
0.13686
0.143729
0.0592951
-0.00464441
0.00599521
0.00866404
0.00883031
0.00754409
0.00619759
0.00794634
0.00841301
0.00852882
0.00870809
0.00343506
0.0032489
0.0974398
0.121462
0.113869
-0.00145928
0.100078
0.10453
0.141665
0.143894
0.136928
0.148693
0.0701793
0.00132119
0.00740409
0.00886308
0.0107782
0.101856
0.0942192
0.128264
0.133652
0.137157
0.134275
0.115424
0.0999042
0.13909
0.10202
-0.00526453
0.00564947
0.00670826
0.00876993
0.00893318
0.00832074
0.0095624
0.0206592
0.104204
0.138468
0.14229
0.08691
0.00068036
0.00830827
0.0088944
0.00738998
7.60958e-005
-9.69171e-005
0.000518016
0.00250791
0.00325659
0.00334767
0.0279083
0.117159
0.14389
0.137835
0.016497
-0.00323759
0.000231319
0.00703621
0.0299505
0.0361939
0.0345921
0.0327638
0.118931
0.143474
0.0881045
-0.00592899
-0.000257331
0.000103545
0.0297536
0.109816
0.137079
0.137508
0.0730403
0.00167183
0.00877553
0.00847857
0.000747074
-0.000176864
1.44494e-005
0.0309417
0.106061
0.13982
0.141692
0.117074
0.105875
0.139027
0.0751723
-0.00609221
-8.37784e-005
8.26633e-005
0.00219283
0.00657899
0.00871759
0.00876281
0.0452518
0.130418
0.143615
0.0908938
-0.0051353
-0.000394413
0.000112219
0.00245091
0.0071155
0.00871497
0.00847631
0.0444175
0.105376
0.14111
0.140356
0.135455
0.0258457
-0.00377228
0.0423855
0.116152
0.14147
0.137706
0.056101
0.00272854
0.00887799
0.00512268
-0.000343132
-1.51721e-005
6.02922e-006
0.0459834
0.106976
0.141489
0.0613405
0.0388495
0.101199
0.137748
0.138547
0.135591
0.118808
0.0180573
-0.000180447
0.0069832
0.0087623
0.00858447
0.0538682
0.11705
0.141763
0.139753
0.0941968
-0.0043443
-0.000537185
0.0230759
0.0988041
0.107864
0.0505209
-0.00183732
0.00739921
0.0087811
0.00871193
0.0055854
-0.000285294
-2.82133e-005
0.0212073
0.108927
0.094686
0.126486
0.0741315
0.0904714
0.107636
0.146235
0.140119
0.15026
0.148655
0.0487321
0.00163053
0.00607149
0.00788273
0.00473514
0.0055516
0.00662678
0.00897005
0.0085831
0.00930848
0.00916827
0.0428332
0.0953554
0.105965
0.14348
0.0965713
0.101797
0.124098
0.036149
-0.00489744
0.000218243
2.89307e-005
0.0596294
0.105914
0.12336
0.14127
0.0312223
0.00191475
0.00668167
0.00875536
0.00828988
0.00925145
0.00898951
0.0659224
0.1065
0.141678
0.145378
0.0345667
0.00187881
0.00790067
0.00882964
0.00915399
0.00836472
0.00792369
0.0685679
0.100027
0.13844
0.0285214
0.0615146
0.106789
0.141135
0.145598
0.138153
0.112605
0.00409304
0.00241651
0.00647787
0.00851535
0.00876701
0.070937
0.105519
0.140125
0.14559
0.139518
0.113042
0.00290211
0.00275763
0.00673222
0.00862393
0.00901485
0.0715875
0.103551
0.136597
0.142937
0.13797
0.151152
0.0849299
0.07115
0.0940962
0.131787
0.0185791
0.000773796
0.00678297
0.00848366
0.0088811
0.00872634
0.00923683
0.00502437
0.0765563
0.108496
0.115444
0.140409
0.0223805
0.00224342
0.00861653
0.00878413
0.0089338
0.00798162
0.0076343
0.0756472
0.0921539
0.110091
0.144676
0.094947
0.106371
0.118698
0.141743
0.128284
0.137648
0.12655
0.136665
0.105165
-0.00171495
-0.00101164
0.0871253
0.133259
0.0120113
-0.00300504
0.000253526
2.03689e-006
-3.24957e-006
0.0885557
0.134056
0.14172
0.00962713
0.0815641
0.128703
0.14071
0.135679
0.10946
-0.00165259
-0.00107034
0.0882736
0.109331
0.00161288
-0.00149021
0.0913772
0.135038
0.141814
0.140025
0.0345268
-0.00434224
0.000164381
0.0148044
0.0179517
0.0206153
0.0234885
0.0911109
0.131441
0.139254
0.137691
0.103728
-0.00282245
-0.000849228
0.0155385
0.0226841
0.0235796
0.0227774
0.0901529
0.106051
-0.000397675
-0.00119261
0.000161363
-7.17245e-006
-5.58033e-007
0.0931646
0.137759
0.141931
0.135809
0.0157748
0.0155884
0.0214791
0.0239231
0.0237262
0.0233114
0.0210433
0.0982753
0.106904
0.104125
0.000881608
0.0954121
0.133209
0.142531
0.140962
0.0931133
-0.00403737
-0.000564239
0.0163608
0.0179884
0.0173718
0.0243538
0.0970492
0.0978013
0.0912312
0.138839
0.132515
0.144844
0.13458
0.138607
0.130209
0.168311
0.0976182
0.0905122
0.117291
0.0006837
-0.00146901
0.000184957
-7.02129e-006
0.000347325
0.0934097
0.120542
0.134692
-0.00124172
0.0953002
0.112479
0.140307
0.145387
0.133345
0.12503
0.0362708
0.100654
0.0894035
-0.00348535
1.33415e-005
0.0968317
0.120761
0.136096
0.140257
0.150519
0.0716285
-0.00476579
0.0176241
0.0147902
0.0163129
0.0221755
0.0953857
0.114902
0.137395
0.146428
0.130663
0.120946
0.0302623
0.0127164
0.0205281
0.0222174
0.0220622
0.109434
0.0805958
-0.00411839
-0.000406891
0.000101898
-8.60153e-006
0.00194734
0.102225
0.125708
0.133477
0.121237
0.0142616
0.0134273
0.0177437
0.0218794
0.0233945
0.0225681
0.019431
0.109664
0.10469
0.0726411
-0.00199279
0.0958721
0.120528
0.139483
0.146572
0.132633
0.11316
0.0225157
0.015312
0.0171826
0.0121155
0.0156681
0.100228
0.0926926
0.125916
0.132977
0.138617
0.136351
0.148011
0.109565
0.0466084
-0.0046069
0.00902894
0.104301
0.105535
-0.00507138
-0.000575018
0.000135196
-1.09987e-005
0.0119499
0.104277
0.139835
0.102335
0.0036041
0.101201
0.1391
0.141645
0.148481
0.0490015
-0.00479271
0.00593555
0.1036
0.0606929
-0.00470207
0.0181995
0.10475
0.138116
0.141985
0.11946
0.00131789
-0.0015782
0.00138592
0.0173872
0.01618
0.0225624
0.0341694
0.103542
0.13724
0.142003
0.145589
0.0417867
-0.0045636
0.00424937
0.0178901
0.0226385
0.0230893
0.0218508
0.105708
0.051821
-0.00461323
-3.42988e-006
5.47113e-005
-7.14765e-006
0.0293861
0.109676
0.136985
0.137627
0.0733059
0.0118812
0.0170653
0.0234054
0.0234877
0.0235378
0.0225249
0.0251294
0.103636
0.0848895
0.0551529
0.0277251
0.106066
0.140168
0.141653
0.138632
0.0319462
-0.00412274
0.00225253
0.017451
0.0140756
0.0221643
0.0244307
0.0935368
0.111182
0.113105
0.138295
0.144197
0.1188
0.15478
0.127108
0.138378
0.131383
0.078012
0.0951594
0.061573
-0.00509148
-5.53004e-005
6.71513e-005
-8.17192e-006
0.0379716
0.0999795
0.13553
0.0615722
0.0279446
0.104433
0.130869
0.136054
0.141311
0.144425
0.111274
0.0184985
0.0904741
0.0321208
-0.00395168
0.0443738
0.101124
0.137563
0.138527
0.1358
0.119049
0.0182656
-0.000264234
0.0155012
0.0186677
0.0180263
0.0530774
0.0995033
0.13425
0.132435
0.141073
0.14612
0.110319
0.00909051
0.0157523
0.0231918
0.0231963
0.0281368
0.0965034
0.0253434
-0.00357935
0.000172168
1.94808e-005
-4.58443e-006
0.0545272
0.104907
0.139051
0.142041
0.049217
0.0113076
0.0183683
0.017453
0.0247569
0.0219172
0.0239072
0.0257473
0.0938485
0.100317
0.0187977
0.0540251
0.0970737
0.138941
0.13356
0.140216
0.152649
0.10489
0.00204014
0.0142527
0.0173704
0.0189451
0.0457845
0.0954443
0.105615
0.142924
0.136572
0.149906
0.146702
0.15958
0.108946
0.00642206
-0.00210863
0.0678202
0.125433
0.0343747
-0.00468134
0.000210721
2.73772e-005
-6.07532e-006
0.0692705
0.126588
0.142443
0.0308118
0.0640332
0.118672
0.136501
0.143368
0.118162
0.00693947
-0.00221601
0.059571
0.101092
0.0131619
-0.00272328
0.0722568
0.129026
0.143354
0.145409
0.0650275
-0.0051762
-8.4801e-005
0.00405108
0.00641315
0.00655065
0.00852588
0.0764624
0.118601
0.139797
0.141407
0.116226
0.0041543
-0.00189802
0.00481309
0.00810388
0.00892674
0.00910993
0.0707533
0.106015
0.00899706
-0.00233635
0.000201127
1.05597e-006
-2.50438e-006
0.0764664
0.131045
0.144252
0.147248
0.0188016
0.00345415
0.00727128
0.00862324
0.0077814
0.00871459
0.00819698
0.0721593
0.0923352
0.109886
0.0112061
0.0780885
0.122292
0.142027
0.135973
0.115064
0.000830667
-0.00146207
0.00484033
0.00570283
0.00682162
0.00896189
0.0516869
0.109837
0.0812818
0.128284
0.147097
0.141676
0.153592
0.130155
0.153059
0.154137
0.106884
0.0903193
0.110283
0.0121641
-0.00276836
0.000220633
3.57449e-006
-3.0647e-006
0.08629
0.113081
0.140858
0.00920417
0.0808127
0.107069
0.140407
0.139864
0.145534
0.136621
0.065597
0.0671371
0.108879
0.00155156
-0.0014667
0.0892004
0.114903
0.141756
0.140949
0.144257
0.101895
-0.00264773
0.00402912
0.00681669
0.00495675
0.00828636
0.0886769
0.106111
0.141005
0.137941
0.144826
0.132202
0.0577962
0.000836753
0.00725034
0.00885962
0.00877719
0.0865121
0.105246
-0.000508406
-0.00116471
0.000159
-7.19015e-006
-6.84053e-007
0.0911996
0.119341
0.142259
0.141447
0.00889671
0.00431884
0.00557403
0.00847305
0.00823759
0.00893619
0.00862394
0.0759215
0.107306
0.102784
-0.00253875
0.0938076
0.105291
0.143013
0.140846
0.140889
0.128456
0.046656
0.000596369
0.00678752
0.00622631
0.00642401
0.0885182
0.0996494
0.129987
0.144838
0.145881
0.139576
0.133678
0.11786
0.077914
-0.00456881
-0.000128798
0.094217
0.134334
-1.3481e-005
-0.00157748
0.000207408
-8.6951e-006
0.000242246
0.0950707
0.136749
0.135559
-0.000997912
0.09719
0.134076
0.14433
0.14214
0.0815154
-0.00470562
0.000138904
0.0886868
0.0912589
-0.00344945
3.22683e-005
0.0971073
0.137745
0.139409
0.127892
0.0135901
-0.00292018
0.000284671
0.00554699
0.00553572
0.00793675
0.00910348
0.0971636
0.136229
0.144649
0.143462
0.0732613
-0.00493139
-0.000106804
0.0062774
0.00865188
0.00866919
0.00884807
0.0940014
0.0827079
-0.00411482
-0.000432202
0.000105181
-8.7352e-006
0.00258256
0.101471
0.14022
0.141486
0.110292
0.00129424
0.00486794
0.00792406
0.00841818
0.00889064
0.00860257
0.0103694
0.0923631
0.106596
0.0845116
0.000303061
0.0973165
0.139028
0.142361
0.148319
0.0609933
-0.00499181
0.000159035
0.00576319
0.00648078
0.0076508
0.0114781
0.110157
0.0905482
0.11118
0.128515
0.140162
0.130549
0.147733
0.138753
0.113488
0.161669
0.077441
0.100539
0.0951084
-0.00411865
-0.000577553
0.000124323
-9.54038e-006
0.00631305
0.104649
0.133521
0.101398
0.000706041
0.101967
0.122867
0.142171
0.143642
0.137048
0.105575
0.0215769
0.104014
0.0598042
-0.00464593
0.00794453
0.103624
0.135514
0.141041
0.144157
0.132775
0.0415102
-0.00405159
0.00661158
0.00637722
0.00709285
0.0145269
0.105323
0.122282
0.142374
0.140795
0.140269
0.105005
0.0121329
0.00367562
0.0086913
0.0088375
0.0131692
0.101619
0.0508397
-0.00456575
1.87455e-006
5.3456e-005
-7.04511e-006
0.0163951
0.0993597
0.13688
0.14279
0.0833589
0.000118915
0.00651648
0.00718042
0.00804563
0.00904786
0.0073069
0.0129046
0.116294
0.0841554
0.0423251
0.0116333
0.107476
0.122993
0.141331
0.14089
0.14375
0.109271
0.0071016
0.00500371
0.0052764
0.00568081
0.0528948
0.154919
0.105806
0.114545
0.120015
0.131677
0.139655
0.0912029
0.028955
0.0358386
0.022718
0.0889862
0.119061
0.0605992
0.0972271
0.1259
0.126362
0.12504
0.0383207
0.0323419
0.0357838
0.022263
0.0366191
0.107658
0.0705837
0.107373
0.0948461
0.0726126
0.0518653
0.0375386
0.0347392
0.0396073
0.0649119
0.0867245
0.138392
0.121511
0.143407
0.151605
0.157757
0.0990253
0.0766261
0.0803657
0.0912375
0.0839701
0.114944
0.116292
0.0595631
0.101307
0.127579
0.124335
0.123089
0.0352609
0.0330109
0.0350511
0.0212403
0.0460819
0.10649
0.0714862
0.108917
0.0935287
0.0699491
0.0525123
0.0928604
0.137713
0.120615
0.139799
0.0565638
0.169252
0.152237
0.102106
0.0829453
0.00265405
-0.00109275
0.000112348
-1.90752e-006
-1.07083e-006
1.63122e-007
0.0743787
0.177161
0.108492
0.0995242
0.0640683
0.0967732
0.178293
0.095243
0.163192
0.0926671
0.059076
0.0668772
0.123003
0.185472
0.0486598
-0.00447922
3.23633e-005
4.84326e-005
0.0840708
0.173826
0.107085
0.0975942
0.0619016
0.100273
0.181784
0.224207
0.0951724
-0.00517048
-0.000346134
0.0426932
0.168532
0.090432
0.058673
0.0701102
0.127525
0.186085
0.0413723
-0.00428516
8.67886e-005
3.89997e-005
0.0458146
0.166868
0.0892674
0.0581426
0.0204182
0.135989
0.178026
0.128602
0.101273
0.0858537
0.0265018
0.0965384
0.155516
0.113397
0.107199
0.125349
0.15164
0.113062
0.107196
0.112416
0.118172
0.131779
0.120101
0.149281
0.139076
0.070633
0.146371
0.108343
0.0650838
0.0792236
0.108472
0.131319
0.131348
0.0472665
0.0316177
0.0375087
0.0309034
0.019347
0.0287496
0.102482
0.08604
0.0731254
0.105697
0.102547
0.0859361
0.0563052
0.0350347
0.0242244
0.116596
0.138213
0.118546
0.122346
0.135709
0.152049
0.167105
0.13426
0.0923439
0.0783677
0.0787297
0.138634
0.137301
0.105029
0.10769
0.133705
0.124373
0.155023
0.116245
0.001084
-0.00128022
0.000155445
0.16001
0.105275
0.0744891
0.100054
0.130723
0.116427
0.0996553
0.0282628
0.0359466
0.0315409
0.0162222
0.0826446
0.0904603
0.0824367
0.110189
0.0869592
0.0626001
0.049703
0.0344804
0.031751
0.0612514
0.0541255
0.136573
0.130794
0.124192
0.132458
0.154414
0.136138
0.08641
0.0751368
0.0799522
0.100533
0.0611394
0.160005
0.0948188
0.0807035
0.0987775
0.132191
0.115295
0.0914063
0.0282312
0.0363023
0.0305768
0.0152924
0.0877913
0.0858955
0.0865275
0.108685
0.085694
0.0604056
0.0487706
0.139567
0.128178
0.128815
0.134419
0.157889
0.129753
0.0847205
0.0747236
0.0803768
0.101048
0.0565123
0.0567332
0.183994
0.120778
0.0939396
0.0606428
0.183321
0.120122
0.0940579
0.0413512
-0.00274697
-0.000102363
4.57584e-005
-4.80776e-006
9.34354e-008
1.1131e-005
0.0646579
0.184974
0.118147
0.0930152
0.0386964
-0.00276682
-7.2982e-005
4.21317e-005
-4.67686e-006
1.18896e-007
0.00023784
0.17037
0.13989
0.109218
0.0885198
0.0660905
0.12881
0.19686
0.11385
0.133234
0.0811668
0.0531699
0.0938921
0.146903
0.149496
0.00452981
-0.00183658
0.000188011
0.000349835
0.12067
0.132956
0.0801799
0.0529244
0.0942138
0.148931
0.145185
0.0033446
-0.00169401
0.000183221
0.000128628
0.101344
0.169866
0.10455
0.0798894
0.150599
0.109014
0.11192
0.128791
0.12533
0.154475
0.0958274
-0.00336382
-0.000622354
0.00012133
0.00898517
0.132308
0.0653343
0.0987048
0.128118
0.119582
0.0966765
0.00403115
0.0329556
0.0363418
0.0218022
0.054741
0.0963071
0.0839367
0.106494
0.0812975
0.0544608
0.0395065
0.0384976
0.0705778
0.085484
0.0501786
0.0332612
0.141541
0.122942
0.13772
0.148994
0.143475
0.0860615
0.076951
0.0856714
0.0937208
0.0200447
0.0109136
0.155671
0.111178
0.11202
0.11656
0.134955
0.131936
0.127285
0.028398
0.0359436
0.025936
0.0375704
0.132827
0.06671
0.0853112
0.12021
0.130473
0.119195
0.0524164
0.0304363
0.0365633
0.0253845
0.0221603
0.103849
0.0711858
0.10008
0.100272
0.0780478
0.054219
0.0419151
0.0355497
0.0303046
0.0686204
0.0611463
0.144675
0.121037
0.1431
0.144543
0.16342
0.105961
0.0795256
0.0773716
0.0889875
0.0948376
0.0747322
0.123963
0.0637954
0.0893917
0.124163
0.129638
0.121369
0.0461744
0.031141
0.0363986
0.0241492
0.026077
0.106837
0.0704479
0.103283
0.0980584
0.0764597
0.0530765
0.0649169
0.141903
0.121844
0.144064
0.084489
0.131223
0.165501
0.106654
0.0867885
0.0109673
-0.00186083
0.00011548
6.71531e-006
-2.24053e-006
2.15376e-007
0.0351008
0.184493
0.119147
0.103526
0.0693539
0.0815822
0.157839
0.12548
0.152535
0.107172
0.0679756
0.0560839
0.109915
0.170102
0.0836153
-0.00426049
-0.000351942
9.63501e-005
0.0429034
0.183934
0.116971
0.10326
0.0680685
0.0844386
0.161298
0.213324
0.143972
-0.00190212
-0.00114546
0.0195928
0.165558
0.103649
0.0646873
0.0586635
0.112837
0.175209
0.0743255
-0.00451495
-0.000229085
8.3202e-005
0.0219615
0.167275
0.101961
0.0632873
0.0287657
0.158762
0.157529
0.102808
0.084865
0.00525623
-0.00137302
0.000118564
5.72429e-007
-1.46976e-006
1.86364e-007
0.0621729
0.161249
0.125176
0.107753
0.115598
0.118249
0.135694
0.123919
0.141629
0.150607
0.100015
0.105333
0.131625
0.0914514
0.0630769
0.0962179
0.11683
0.132282
0.0655638
0.0293259
0.0373157
0.033046
0.0213296
0.0190647
0.10096
0.0972884
0.0680831
0.104051
0.108191
0.0881118
0.0636802
0.0379617
0.027177
0.0866894
0.153052
0.125785
0.119006
0.148643
0.145419
0.158136
0.145608
0.0954377
0.0799594
0.0751976
0.112868
0.147347
0.106428
0.109382
0.130513
0.127247
0.147709
0.132102
0.0110603
-0.00236742
0.000181211
0.135151
0.118207
0.0612965
0.102982
0.129371
0.121223
0.116803
0.0313224
0.0339848
0.034123
0.0193122
0.0584508
0.101774
0.0742436
0.111089
0.0907971
0.0668486
0.0522643
0.0349002
0.0336187
0.0516769
0.059766
0.113098
0.134547
0.11952
0.136541
0.149896
0.150055
0.0910179
0.0761537
0.080816
0.0962451
0.0741143
0.154185
0.114844
0.0641534
0.102434
0.129167
0.119592
0.111477
0.0296568
0.0347466
0.0332403
0.0181147
0.0657942
0.0974914
0.0765954
0.111059
0.0887664
0.0656673
0.0514277
0.119474
0.132653
0.121276
0.134149
0.149304
0.14649
0.0893046
0.0757458
0.079641
0.0982309
0.0699772
0.0310259
0.186454
0.135416
0.0980216
0.0399017
0.185138
0.134653
0.0980056
0.0640268
-0.00165174
-0.000451404
7.87334e-005
-5.0346e-006
-2.64612e-007
9.39818e-008
0.0336469
0.186768
0.133019
0.0978712
0.0611961
-0.00190055
-0.000396606
7.44604e-005
-5.11776e-006
-2.03428e-007
8.69215e-008
0.131564
0.153533
0.107508
0.0938341
0.0583197
0.116846
0.19996
0.0884863
0.149841
0.0840439
0.0545719
0.085347
0.138274
0.177225
0.0184989
-0.0031211
0.000192519
1.14171e-005
0.0771989
0.152546
0.0831627
0.0552178
0.0868264
0.139302
0.17465
0.0163144
-0.00295593
0.000196473
8.95486e-006
0.14407
0.150342
0.107819
0.0927946
0.0502897
0.183349
0.126304
0.0955901
0.0498439
-0.00254955
-0.000211202
5.77355e-005
-5.10116e-006
-8.89169e-009
1.03825e-006
0.15148
0.14768
0.108481
0.0915112
0.060259
0.12284
0.202598
0.0997365
0.142899
0.0815454
0.0558423
0.0912622
0.141373
0.165487
0.0105649
-0.002465
0.000199588
2.19176e-005
0.159759
0.144314
0.108214
0.0897677
0.0599584
0.183384
0.120299
0.0941606
0.0415953
-0.00274423
-0.000105169
4.60947e-005
-4.81894e-006
9.09498e-008
4.47313e-008
-6.94656e-009
3.86513e-010
3.09251e-011
-8.60911e-012
7.67328e-013
4.48461e-016
7.50583e-005
0.0175293
0.0139914
0.0139084
0.00782655
0.0173259
0.0139303
0.0138852
0.00799215
0.00665197
0.00530702
0.0026955
0.00162964
0.00143835
0.00129526
0.000632616
0.0174764
0.0139781
0.0137497
0.00788479
0.00661736
0.00523365
0.00263972
0.00162552
0.00145769
0.00126588
0.000464384
0.000621212
0.000668109
0.000258667
0.000259901
3.12632e-005
-5.87522e-006
0.000352135
0.0172817
0.0141896
0.0136293
0.00770582
0.00653004
0.00510828
0.0025671
0.00161967
0.00148263
0.00122051
0.000449571
0.000628123
0.000669525
0.000247979
0.000990112
0.017053
0.0143343
0.0136177
0.00755039
0.00645185
0.00499265
0.00250728
0.00162912
0.00150879
0.00118085
0.000436898
0.000649917
0.000665366
0.000238582
0.000244512
1.99049e-005
-4.87726e-006
0.00140065
0.0167474
0.0146746
0.0135485
0.00736705
0.00636595
0.00483558
0.00244353
0.00164646
0.001537
0.00113277
0.00042234
0.000677132
0.000654347
0.000232181
0.00234874
0.0163858
0.0149477
0.0134295
0.0072611
0.00634435
0.00471477
0.00238731
0.00165714
0.00155087
0.00110181
0.000412721
0.000695326
0.000642067
0.000232447
0.000230659
1.08276e-005
-3.9333e-006
0.00310031
0.0159767
0.0151949
0.0133254
0.00716087
0.00631407
0.00455952
0.00233753
0.0016694
0.0015712
0.00107796
0.000410104
0.000723068
0.000624805
0.000232294
0.00412632
0.0156217
0.0153508
0.0133102
0.00707839
0.00625159
0.00442517
0.00230025
0.00167644
0.00159806
0.00105674
0.000412088
0.000744086
0.000611534
0.000230806
0.000220817
3.81108e-006
-3.07224e-006
0.00491497
0.0152462
0.0155475
0.0132544
0.00695538
0.00620364
0.00429815
0.00225884
0.00168818
0.00161726
0.00102658
0.000416186
0.000758821
0.000591614
0.000230563
0.00592122
0.0149121
0.0156961
0.0131326
0.00689354
0.00617948
0.00420104
0.00221314
0.00170185
0.00162123
0.000999373
0.000421021
0.000766863
0.000574009
0.000230394
0.000212113
-1.39926e-006
-2.31095e-006
0.00693795
0.0146273
0.0157366
0.0129052
0.00686676
0.00615415
0.00407512
0.00216081
0.00171893
0.00162304
0.000962906
0.000426797
0.000772619
0.000550885
0.000229148
0.00790841
0.014396
0.0157204
0.0126734
0.00688079
0.00613561
0.00397516
0.00214027
0.00171955
0.00162347
0.000929947
0.00043804
0.000780053
0.000529655
0.000231317
0.000197499
-5.0704e-006
-1.65683e-006
0.00871104
0.0142689
0.0156879
0.0123415
0.00690806
0.00609851
0.00388336
0.00211446
0.00170285
0.00161837
0.000893601
0.000454139
0.000788247
0.000506041
0.000237943
0.0096419
0.0141885
0.0156606
0.0120067
0.00690584
0.00607945
0.00381383
0.00207383
0.0016839
0.001611
0.000862225
0.000468351
0.000792088
0.00048854
0.000242489
0.00017778
-7.46588e-006
-1.11017e-006
0.0106902
0.0141351
0.0155824
0.011574
0.00690688
0.00603113
0.00374434
0.00202456
0.00165393
0.00159384
0.000820284
0.000482142
0.000795756
0.000466212
0.000250815
0.0116253
0.0141959
0.015489
0.0112062
0.00691176
0.00600638
0.00368808
0.00198559
0.00161972
0.00158459
0.000785517
0.000495044
0.000793722
0.00044605
0.000260859
0.000155318
-8.8344e-006
-6.66182e-007
0.0125349
0.0143702
0.015454
0.0108488
0.00688502
0.005951
0.00361836
0.00193209
0.00157963
0.00159629
0.000750481
0.000516601
0.000785925
0.000425348
0.00027534
0.0133862
0.0144281
0.0153019
0.0105426
0.00685497
0.00588852
0.00355498
0.00188799
0.00154983
0.00160468
0.000721476
0.00053315
0.000774432
0.000412749
0.000286005
0.00013194
-9.40239e-006
-3.16591e-007
0.0141886
0.0143979
0.0150628
0.0101454
0.00685711
0.00580816
0.00346497
0.00182941
0.00151634
0.00159541
0.000686699
0.000546119
0.00075698
0.000396136
0.000295143
0.0148766
0.0143453
0.0148574
0.00981247
0.00685474
0.00576694
0.0033866
0.00178321
0.00148406
0.00158069
0.000663129
0.000555905
0.000739334
0.000382559
0.000299862
0.000109
-9.36967e-006
-5.10631e-008
0.0156976
0.0143568
0.0145893
0.00949234
0.00683287
0.00570581
0.00327828
0.00174067
0.00145004
0.00156168
0.000634119
0.000563161
0.000721107
0.000365219
0.000303784
0.0808712
0.109423
0.117778
0.141472
0.127284
0.137962
0.127257
0.0990827
0.106555
0.119065
0.141907
0.0188899
0.00356923
0.00766259
0.00880748
0.00804669
0.00849333
0.0077787
0.0885632
0.133446
0.141929
0.143772
0.0122886
0.00434268
0.00771533
0.0088019
0.00829477
0.0085081
0.00770971
0.0856559
0.128874
0.140333
0.135948
0.0160028
0.00548847
0.00903722
0.00872144
0.00221088
-0.000272395
9.78305e-006
0.0888531
0.108748
0.123617
0.00846867
0.089525
0.135787
0.142128
0.138997
0.0324923
-0.00423687
0.000174469
0.00565674
0.00818672
0.00863373
0.00854534
0.0922211
0.132371
0.139364
0.13839
0.101646
-0.00313104
-0.000784198
0.00591238
0.0085164
0.00880866
0.00845307
0.0911789
0.119352
0.142273
0.141665
0.149596
0.0926736
-0.003787
0.00532425
0.00837844
0.00875877
0.00861182
0.00587226
0.00733489
0.00880756
0.00874164
0.00935301
0.00551261
-0.000247089
0.0951756
0.105671
0.141363
0.00140483
0.0910615
0.105492
0.141615
0.129211
0.141178
0.143244
0.102137
0.00323984
0.00582811
0.00896278
0.00842843
0.0883474
0.0975937
0.130105
0.1443
0.146535
0.138881
0.12715
0.0961851
0.135114
0.136468
-0.00106617
0.00449823
0.00680853
0.00859864
0.00828625
0.00867813
0.00900872
0.00623694
0.0958098
0.137095
0.14002
0.123763
0.00294338
0.00745925
0.00882722
0.00795821
0.000876799
-0.000183883
3.39592e-005
0.00231429
0.00328429
0.00330562
0.00408583
0.103242
0.141409
0.145182
0.0415193
-0.00477077
0.000138436
0.000439146
0.0263753
0.0354995
0.036656
0.0117013
0.104216
0.140666
0.126768
-0.00304478
-0.00109102
0.000179152
0.00234205
0.101107
0.140138
0.141052
0.11156
0.00204405
0.00799081
0.00918171
0.00213306
-0.000275772
1.11419e-005
0.00318696
0.0970664
0.138181
0.143102
0.125541
0.0990194
0.139705
0.1168
-0.00463851
-0.000764386
0.000154983
0.000247322
0.00609216
0.00862683
0.00880024
0.0187056
0.117056
0.143159
0.122578
-0.00120341
-0.00128366
0.000182802
0.000395944
0.00644271
0.00872332
0.00889163
0.0117324
0.0994358
0.139375
0.141048
0.148815
0.0541813
-0.00490738
0.0102341
0.10435
0.140188
0.143283
0.0938048
0.00188101
0.00850193
0.00735736
-0.000173877
-6.3693e-005
1.04132e-005
0.0101312
0.102135
0.138737
0.102364
0.00217225
0.103365
0.135258
0.14077
0.143929
0.133203
0.0424492
-0.00359622
0.00652416
0.00858315
0.00880276
0.0274261
0.105155
0.13722
0.141121
0.118861
0.000683189
-0.0014878
0.00818487
0.105878
0.099223
0.0876758
-0.00373646
0.00634095
0.00857611
0.00862647
0.00727939
-1.41817e-005
-8.37568e-005
0.0090354
0.102956
0.0883284
0.132655
0.0955309
0.100572
0.102384
0.140302
0.141513
0.141009
0.135202
0.0844526
0.00109495
0.00501068
0.00837161
0.00568265
0.00623688
0.00648233
0.00878805
0.0088075
0.0089358
0.00855594
0.0172592
0.106502
0.105594
0.142336
0.0915736
0.0961473
0.117847
0.0726154
-0.00611604
-5.05727e-005
7.8581e-005
0.0157409
0.103713
0.119461
0.142242
0.0601311
0.00114519
0.00664962
0.00904359
0.00881286
0.0091874
0.00897393
0.0415917
0.0993089
0.13546
0.13927
0.0658279
0.000645695
0.00756538
0.00874774
0.00855541
0.00908783
0.00946037
0.0378951
0.103656
0.131385
0.0619226
0.0365657
0.100861
0.13709
0.138435
0.136727
0.119998
0.0191103
-0.000754086
0.00652634
0.00826739
0.0082738
0.0504654
0.101383
0.138245
0.13869
0.134654
0.117305
0.0168325
-2.50449e-006
0.0065793
0.00860806
0.00864088
0.0494651
0.0986048
0.135484
0.132007
0.141091
0.14712
0.109528
0.0437717
0.107746
0.125359
0.047004
-0.00226081
0.00617599
0.00855186
0.00814831
0.00873837
0.00929759
0.00668563
0.030225
0.0955876
0.107346
0.145961
0.0486673
0.0013407
0.00789882
0.00858259
0.00908547
0.00887787
0.00842637
0.0262596
0.107353
0.0970341
0.126492
0.0783469
0.0903308
0.1063
0.143686
0.137391
0.150094
0.147255
0.159877
0.108243
0.00695328
-0.00216611
0.0667677
0.12478
0.0356445
-0.00475259
0.000205147
2.89476e-005
-6.21608e-006
0.0683489
0.125866
0.142014
0.0320346
0.062824
0.118451
0.136101
0.143583
0.119012
0.0074986
-0.00227589
0.0576132
0.100061
0.0138699
-0.00278388
0.0716019
0.128454
0.143179
0.144798
0.066553
-0.00517928
-0.00010234
0.0104343
0.0170162
0.0173842
0.0228207
0.0782264
0.118151
0.13939
0.141921
0.116158
0.00462519
-0.00195432
0.0124597
0.0216293
0.0238556
0.0243201
0.0712592
0.105034
0.00962031
-0.00239392
0.000201361
1.70245e-006
-2.59207e-006
0.0754567
0.131023
0.144206
0.147178
0.0270574
0.0144636
0.0187939
0.0229036
0.0208162
0.0234249
0.0221119
0.072831
0.0926171
0.109804
0.0118484
0.0776049
0.121391
0.141889
0.136464
0.115408
0.00118271
-0.00151208
0.0123763
0.0152235
0.0182257
0.0238817
0.0502509
0.109271
0.0825658
0.127878
0.148029
0.140937
0.153943
0.130389
0.153611
0.154433
0.106695
0.0897593
0.109614
0.0128783
-0.00283337
0.000220774
4.32066e-006
-3.16439e-006
0.0853267
0.112611
0.140431
0.00990837
0.0796474
0.107083
0.140372
0.140572
0.145476
0.137686
0.0670347
0.064407
0.109249
0.00190795
-0.00151485
0.0886074
0.1142
0.141606
0.140773
0.143853
0.102984
-0.00245699
0.0117695
0.0180721
0.0132094
0.0220241
0.0887864
0.106051
0.140733
0.138098
0.145081
0.132884
0.0591975
0.0102014
0.0193549
0.0235877
0.0234699
0.0852829
0.105693
-0.000207945
-0.00120832
0.000161195
-6.96565e-006
-8.3792e-007
0.0910986
0.118861
0.142185
0.141641
0.0185417
0.0151018
0.014363
0.0225614
0.0220732
0.0239166
0.023281
0.0728857
0.106904
0.103885
-0.00234448
0.0931449
0.105173
0.143129
0.1401
0.141585
0.128671
0.0479605
0.00880211
0.0179697
0.0167611
0.0173295
0.0886321
0.10051
0.129803
0.144959
0.145383
0.139911
0.132733
0.118081
0.0793528
-0.00451403
-0.000183851
0.0936402
0.134986
0.000362259
-0.00163398
0.000210413
-8.42518e-006
0.000208834
0.0945266
0.136836
0.136489
-0.000707192
0.0971714
0.133493
0.144112
0.142131
0.083003
-0.00464565
-4.60273e-005
0.0884918
0.0924912
-0.00331721
-0.0001733
0.0966145
0.1373
0.13969
0.128789
0.0143469
-0.00298662
0.000351801
0.0147481
0.0149389
0.0212639
0.0227052
0.0972695
0.135834
0.144691
0.143146
0.0747654
-0.0049026
-9.28699e-007
0.0165172
0.0230955
0.0231251
0.0207953
0.0923958
0.0839736
-0.00401405
-0.000460328
0.000107691
-8.73415e-006
0.00227449
0.100976
0.140103
0.140895
0.112135
0.0113484
0.0140534
0.0209868
0.0226369
0.0238844
0.0230446
0.0224692
0.0924898
0.107107
0.0857493
5.01877e-005
0.0968685
0.138655
0.142772
0.148066
0.0624568
-0.00499959
0.000474763
0.0153256
0.0174663
0.0203748
0.0235759
0.109863
0.0896503
0.110467
0.129307
0.140288
0.131669
0.146379
0.13895
0.113427
0.162304
0.0783532
0.100573
0.0965173
-0.00399959
-0.000609768
0.000127155
-9.53353e-006
0.0059187
0.104769
0.132788
0.103202
0.000304404
0.101161
0.12286
0.142072
0.144255
0.136574
0.106231
0.022099
0.1046
0.06118
-0.00464466
0.00739471
0.104013
0.134997
0.140733
0.14384
0.133362
0.0427643
-0.00341479
0.0176203
0.0167881
0.0189655
0.0242021
0.104202
0.122364
0.142237
0.141139
0.139723
0.104733
0.0138614
0.014211
0.0228559
0.0235965
0.0222831
0.101856
0.0521285
-0.00457583
-1.19606e-005
5.53922e-005
-7.13676e-006
0.0147014
0.100076
0.136954
0.142765
0.0859767
0.0106102
0.0175804
0.0190607
0.0213691
0.0241907
0.0195217
0.0195941
0.116257
0.0851634
0.0435981
0.010089
0.107532
0.122517
0.141628
0.140623
0.143425
0.108788
0.00859318
0.0169735
0.0138953
0.0150365
0.0559865
0.154786
0.105536
0.114543
0.119539
0.131641
0.138929
0.0926942
0.0289326
0.035871
0.0228499
0.0863594
0.11953
0.060746
0.0963619
0.126126
0.126642
0.124956
0.0388036
0.0323156
0.0358656
0.0224071
0.0354819
0.10783
0.0705386
0.10711
0.0952469
0.0729045
0.0518495
0.0377364
0.0347688
0.0389565
0.0651995
0.0853685
0.138531
0.121667
0.143747
0.151504
0.158143
0.0992407
0.0765705
0.080333
0.0909499
0.084524
0.113231
0.1161
0.0597111
0.100847
0.1273
0.12439
0.123492
0.0356211
0.0329508
0.0351651
0.0213691
0.0450714
0.106682
0.071289
0.108866
0.0936926
0.0701695
0.0524894
0.0915565
0.138009
0.120399
0.1404
0.0573151
0.167716
0.152804
0.102175
0.0833167
0.00292631
-0.00112443
0.000113308
-1.66099e-006
-1.11451e-006
1.65961e-007
0.0724113
0.177817
0.108902
0.0998467
0.0645019
0.0957225
0.177808
0.0960466
0.163227
0.093155
0.059183
0.0662641
0.122183
0.185135
0.0500476
-0.00450707
2.09708e-005
5.02569e-005
0.0819041
0.174589
0.107206
0.0979874
0.0624036
0.0996549
0.180976
0.224145
0.0972544
-0.00511128
-0.000373012
0.0415463
0.169007
0.0907737
0.0587938
0.0693923
0.12687
0.186076
0.0426573
-0.00432511
7.7888e-005
4.06389e-005
0.0445951
0.167549
0.0897197
0.0583643
0.0299711
0.185086
0.144338
0.0999854
0.0749473
-0.000106372
-0.000725064
9.65103e-005
-4.15137e-006
-5.89744e-007
1.26309e-007
0.0994343
0.15547
0.113369
0.107203
0.112593
0.11814
0.131918
0.120277
0.149492
0.139085
0.071987
0.144753
0.10891
0.066127
0.0782266
0.108178
0.130928
0.131383
0.0479864
0.0316025
0.0375389
0.0310095
0.0194437
0.0283291
0.102496
0.086462
0.0728165
0.105408
0.102867
0.0859792
0.0565141
0.0351572
0.0243651
0.115422
0.138927
0.118771
0.12228
0.13654
0.151385
0.166616
0.134874
0.0925402
0.0785963
0.0784449
0.137498
0.137914
0.104987
0.107561
0.133723
0.12407
0.154387
0.117294
0.00139385
-0.00132301
0.000157422
0.159493
0.10633
0.0738099
0.100079
0.130618
0.116766
0.100575
0.028323
0.035841
0.0316569
0.0163549
0.0818175
0.0910349
0.0820893
0.110258
0.0872448
0.062838
0.0497902
0.0344174
0.0318485
0.0608626
0.0544293
0.135861
0.131125
0.123759
0.132059
0.154291
0.137024
0.086558
0.0751365
0.0799386
0.100314
0.061782
0.160399
0.096041
0.0800962
0.0987845
0.132176
0.11522
0.0924918
0.0282129
0.0362495
0.0307089
0.0153769
0.0873806
0.0864866
0.0858751
0.108997
0.085867
0.0605723
0.0489522
0.13892
0.128681
0.128033
0.134237
0.157338
0.130544
0.084784
0.0748642
0.0802697
0.101126
0.0571723
0.0554519
0.183989
0.121529
0.0943435
0.0592127
0.18323
0.120849
0.0944483
0.0423299
-0.00273494
-0.000113725
4.71095e-005
-4.85164e-006
8.33085e-008
8.41767e-006
0.0630538
0.184806
0.118689
0.0933034
0.039656
-0.00276188
-8.33472e-005
4.34353e-005
-4.72622e-006
1.10047e-007
0.000168262
0.168849
0.140507
0.109005
0.0889048
0.0657733
0.127947
0.197893
0.112285
0.134185
0.0813477
0.053431
0.0937088
0.146073
0.151055
0.00498771
-0.00188963
0.000189595
0.000292925
0.118423
0.13376
0.0804616
0.05298
0.0940813
0.148296
0.146774
0.0037632
-0.00174528
0.000185033
0.00159398
0.177885
0.136611
0.109536
0.0809163
0.0777087
0.184083
0.112959
0.0906279
0.0297009
-0.00269897
1.23198e-005
3.01267e-005
-4.10296e-006
1.84699e-007
0.00290561
0.181161
0.134208
0.109655
0.0841381
0.0688234
0.133891
0.181979
0.128925
0.125196
0.0775554
0.0526543
0.0948535
0.153372
0.132923
0.000710377
-0.00134333
0.000168131
0.00555934
0.183714
0.130832
0.10995
0.0728538
0.0924968
0.181105
0.110537
0.0880614
0.0232482
-0.00252201
6.0523e-005
2.17123e-005
-3.56444e-006
2.12917e-007
0.00300584
0.10029
0.0919006
0.125772
0.133344
0.139664
0.137258
0.147602
0.110749
0.0485744
-0.00465745
0.00712502
0.104099
0.108052
-0.00489683
-0.000627555
0.000140045
-1.10178e-005
0.00938885
0.104272
0.14034
0.105021
0.00203343
0.100197
0.139417
0.141382
0.148783
0.05105
-0.00484313
0.00519027
0.103171
0.0627848
-0.00469796
0.0157385
0.104452
0.138782
0.142537
0.119801
0.00189609
-0.00165771
0.00127283
0.0172464
0.0160408
0.0223116
0.0317578
0.102973
0.13761
0.142139
0.146643
0.0437056
-0.0046323
0.00386418
0.0176603
0.0226761
0.0232579
0.0214267
0.105151
0.0538231
-0.004642
-2.31992e-005
5.7647e-005
-7.30082e-006
0.0270134
0.108704
0.13649
0.138425
0.075743
0.0118383
0.0168156
0.02327
0.0234126
0.0232959
0.0223388
0.0247579
0.103171
0.0857136
0.0571273
0.0252732
0.105905
0.139545
0.141703
0.139582
0.033642
-0.00420944
0.00208449
0.0173998
0.0140169
0.0221617
0.0240112
0.0946056
0.110339
0.113475
0.135994
0.144923
0.118393
0.15458
0.12744
0.136979
0.134177
0.0772738
0.0946105
0.0638112
-0.00510464
-7.98971e-005
7.05376e-005
-8.3275e-006
0.0356263
0.0995064
0.135415
0.0640991
0.0246402
0.105278
0.129689
0.137153
0.14158
0.144364
0.111165
0.018194
0.0906927
0.033756
-0.00402841
0.0417448
0.100695
0.136707
0.138512
0.137181
0.120488
0.0195398
-0.00052573
0.0154541
0.0187073
0.0181888
0.0510104
0.100677
0.1335
0.133169
0.140865
0.14553
0.110818
0.00924314
0.0155361
0.0231471
0.0230576
0.0276645
0.0944457
0.0268002
-0.00366478
0.000166256
2.12622e-005
-4.74894e-006
0.0527943
0.104152
0.139006
0.140842
0.0513129
0.0109606
0.0184851
0.0174964
0.0247013
0.022173
0.0236102
0.0250475
0.0954149
0.0980484
0.0200912
0.0516325
0.0970907
0.138293
0.132679
0.140553
0.151749
0.106173
0.00224947
0.0143908
0.0170565
0.0187121
0.041982
0.0946981
0.106325
0.144003
0.13778
0.150147
0.1475
0.160058
0.107908
0.0072249
-0.00219507
0.0662054
0.124448
0.0362879
-0.00478784
0.000202211
2.9748e-005
-6.2867e-006
0.0678678
0.125581
0.141756
0.0326549
0.0622105
0.118302
0.135875
0.143654
0.119477
0.00778444
-0.00230605
0.0565867
0.0996435
0.0142304
-0.00281425
0.0712579
0.128169
0.143099
0.144457
0.0673187
-0.00517926
-0.000111348
0.0102902
0.0169428
0.0173394
0.0228404
0.0777493
0.118118
0.139146
0.142153
0.116265
0.00486643
-0.00198273
0.0124211
0.0216012
0.0238431
0.0243011
0.0706514
0.104706
0.00992501
-0.00242324
0.000201629
2.01209e-006
-2.6359e-006
0.0750937
0.130992
0.144141
0.147142
0.0273636
0.0143879
0.0186756
0.02283
0.0208216
0.023486
0.0222116
0.0719399
0.0929915
0.109756
0.0121749
0.0773377
0.121052
0.141788
0.136737
0.115565
0.00136378
-0.00153739
0.0122403
0.0152491
0.0182178
0.0238363
0.0490123
0.109127
0.0831972
0.127677
0.148467
0.140521
0.154085
0.13057
0.153862
0.154552
0.10659
0.0894821
0.109242
0.0132424
-0.002866
0.000220778
4.70388e-006
-3.21479e-006
0.0848182
0.112357
0.140181
0.0102682
0.0790306
0.107085
0.140329
0.140906
0.145413
0.138221
0.0677549
0.0630074
0.109407
0.00209103
-0.0015392
0.0882748
0.113994
0.141522
0.140661
0.143689
0.103514
-0.00235794
0.0115457
0.0181153
0.0131782
0.0219508
0.0884537
0.106129
0.140686
0.138182
0.145175
0.133266
0.0599013
0.0101715
0.0193028
0.0235854
0.0234609
0.0843768
0.106012
-6.59367e-005
-0.00123014
0.000162392
-6.8662e-006
-8.8904e-007
0.0910236
0.118582
0.142106
0.141696
0.0186751
0.0151336
0.0142903
0.0225289
0.0220934
0.0239302
0.0233933
0.0713989
0.106858
0.104409
-0.00224254
0.0927761
0.105142
0.143148
0.139764
0.141909
0.128785
0.0486178
0.00855214
0.0179252
0.0168569
0.0173954
0.00576291
0.00637446
0.00887616
0.00880236
0.00867175
0.00794758
0.00279185
-0.000281919
4.2009e-006
2.764e-006
6.44597e-008
0.000541771
0.000607783
0.000801127
0.000810628
0.000774094
0.000717064
0.000234144
-2.4984e-005
5.28408e-007
2.24439e-007
3.95783e-009
1.34209e-005
1.54686e-005
1.9675e-005
2.02675e-005
1.87807e-005
1.75639e-005
5.32145e-006
-6.00398e-007
1.62898e-008
4.92172e-009
-8.38217e-010
5.22361e-011
2.9963e-012
-1.00805e-012
9.71961e-014
-9.12944e-016
-1.02328e-015
1.45176e-016
-7.03757e-018
-7.82963e-019
1.85642e-019
0.00659356
0.192371
0.129449
0.233537
0.175452
0.0971569
0.0997163
0.0983509
0.0719345
0.0492582
0.0450552
0.0346979
0.0246532
0.0258585
0.0250245
0.0277926
0.0176198
0.0167224
0.019625
0.0118427
0.014786
0.0134848
0.0471591
0.767107
0.559972
0.611451
0.605633
0.46198
0.527858
0.933178
0.361806
0.276706
0.0175563
-0.00142919
0.0456737
0.0198932
-0.000886259
-0.00010262
2.39064e-005
-1.93382e-006
-2.71213e-008
2.63088e-008
-3.13745e-009
1.02757e-010
0.0776338
0.832505
0.567187
0.629282
0.608953
0.441935
0.534161
0.70522
0.0133952
0.0141691
-5.27608e-005
-0.00014955
2.02685e-005
-9.03879e-007
-1.19646e-007
2.63505e-008
-2.05467e-009
-3.99914e-011
2.94211e-011
-3.39497e-012
9.99825e-014
2.67959e-014
0.119697
0.814033
0.57113
0.641746
0.624769
0.42446
0.553249
0.980438
0.34166
0.27323
0.00561988
-0.00373872
0.000425093
-1.18742e-005
-3.43991e-006
5.916e-007
-3.72645e-008
-2.06257e-009
7.09285e-010
-6.89262e-011
7.12952e-013
7.17041e-013
0.195627
0.911794
0.615375
0.669269
0.640564
0.402703
0.587703
0.977599
0.325567
0.302286
0.00330734
-0.0039235
0.00047657
-1.64638e-005
-3.44239e-006
6.45909e-007
-4.43705e-008
-1.76777e-009
7.54134e-010
-7.8286e-011
1.41513e-012
7.34878e-013
0.236446
0.854757
0.626906
0.667816
0.639045
0.382841
0.632116
0.954592
0.305893
0.250988
-0.00248478
0.00815271
0.0469467
0.01199
-0.00102709
-4.74134e-006
1.27035e-005
-1.61323e-006
6.25275e-008
1.07598e-008
-2.14908e-009
1.5579e-010
0.328395
0.957865
0.67189
0.674297
0.632611
0.359434
0.67706
0.461517
0.00834911
0.0103903
-0.000518798
-5.3398e-005
1.31176e-005
-1.09532e-006
-1.03847e-008
1.42475e-008
-1.7497e-009
6.22969e-011
0.0137789
0.0465483
0.00984506
-0.000982126
0.363412
0.890057
0.647277
0.684445
0.628903
0.341045
0.710167
0.880692
0.265242
0.220309
-0.00749179
0.414406
0.996616
0.676331
0.705582
0.632298
0.331928
0.719644
0.86153
0.256571
0.254109
-0.00894422
0.439604
0.999997
0.678532
0.723795
0.635517
0.325657
0.72394
0.842907
0.249127
0.244735
-0.00990703
-0.00157698
0.00032371
-2.39808e-005
-6.56869e-007
3.68361e-007
-4.06693e-008
1.01049e-009
3.45593e-010
-5.72895e-011
3.46186e-012
2.19018e-013
0.458398
0.892466
0.665885
0.749769
0.640958
0.319577
0.721883
0.807646
0.239291
0.185565
-0.0101162
0.0208859
0.0461133
0.00609848
-0.000825984
3.67879e-005
4.88201e-006
-1.0741e-006
8.36933e-008
1.63786e-009
-1.19958e-009
1.38337e-010
0.508593
0.981166
0.723178
0.782944
0.640465
0.317165
0.72054
0.256736
0.0139999
0.0065038
-0.000579945
-3.04176e-007
6.86126e-006
-8.97857e-007
3.72588e-008
5.66551e-009
-1.18257e-009
8.87293e-011
2.25212e-012
-1.33952e-012
1.49497e-013
-3.88556e-015
0.52223
0.869767
0.719376
0.769531
0.631281
0.314819
0.734876
0.740764
0.241627
0.149242
-0.0110045
-0.000309603
0.000170111
-1.87077e-005
4.5698e-007
1.60001e-007
-2.6396e-008
1.58598e-009
1.02102e-010
-3.20685e-011
3.01225e-012
-1.85613e-014
0.496652
0.175433
0.0352046
0.500517
0.172689
0.0349393
0.501938
0.5674
0.157151
0.0354165
0.00355033
0.501429
0.167635
0.0340373
0.00335762
-0.000613443
4.1102e-005
1.8153e-006
-7.21937e-007
7.34967e-008
-1.16462e-009
-7.11459e-010
0.505424
0.160234
0.0328845
0.00293391
-0.000579072
4.157e-005
1.34955e-006
0.577059
0.382558
0.0998441
0.0555944
0.592825
0.475044
0.149536
0.0967458
0.0493343
0.023675
0.00726292
0.508962
0.148604
0.0311244
0.00229732
0.098897
0.0605882
0.0163604
0.0088663
0.00330528
0.000163048
-5.57599e-005
0.511605
0.141804
0.504872
0.139727
0.604705
0.745752
0.709464
0.751299
0.537353
0.324876
0.87745
0.578808
0.116624
0.0307039
0.00161698
0.513352
0.132812
0.0286745
0.00150413
-0.000445332
4.08163e-005
-1.24477e-007
0.514192
0.128673
0.028024
0.00131492
0.513746
0.126423
0.0276497
0.00121048
-0.000413663
4.01096e-005
-4.04114e-007
0.514548
0.122472
0.0269903
0.00103644
0.0286308
0.0537585
0.0524381
0.0362989
0.0527363
0.0346294
0.0219446
0.0285863
0.0224293
0.0274647
0.0209561
0.0162229
0.0149497
0.0105435
0.010632
0.00759804
0.00616304
0.00530026
0.00380523
0.00419509
0.00285753
