0
0
0
0
0
0
0
0
0
0
0
0
0
0
0
0
0
0
0
0
0
0
0
0
0
0
0
0
0
0
0
0
0
0
0
0
0
0
0
0
0
0
0
0
0
0
0
0
0
0
0
0
0
0
0
0
0
0
0
0
0
0
0
0
0
0
0
0
0
0
0
0
0
0
0
0
0
0
0
0
0
0
0
0
0
0
0
0
0
0
0
0
0
0
0
0
0
0
0
0
0
0
0
0
0
0
0
0
0
0
0
0
0
0
0
0
0
0
0
0
0
0
0
0
0
0
0
0
0
0
0
0
0
0
0
0
0
0
0
0
0
0
0
0
0
0
0
0
0
0
0
0
0
0
0
0
0
0
0
0
0
0
0
0
0
0
0
0
0
0
0
0
0
0
0
0
0
0
0
0
0
0
0
0
0
0
0
0
0
0
0
0
0
0
0
0
0
0
0
0
0
0
0
0
0
0
0
0
0
0
0
0
0
0
0
0
0
0
0
0
0
0
0
0
0
0
0
0
0
0
0
0
0
0
0
0
0
0
0
0
0
0
0
0
0
0
0
0
0
0
0
0
0
0
0
0
0
0
0
0
0
0
0
0
0
0
0
0
0
0
0
0
0
0
0
0
0
0
0
0
0
0
0
0
0
0
0
0
0
0
0
0
0
0
0
0
0
0
0
0
0
0
0
0
0
0
0
0
0
0
0
0
0
0
0
0
0
0
0
0
0
0
0
0
0
0
0
0
0
0
0
0
0
0
0
0
0
0
0
0
0
0
0
0
0
0
0
0
0
0
0
0
0
0
0
0
0
0
0
0
0
0
0
0
0
0
0
0
0
0
0
0
0
0
0
0
0
0
0
0
0
0
0
0
0
0
0
0
0
0
0
0
0
0
0
0
0
0
0
0
0
0
0
0
0
0
0
0
0
0
0
0
0
0
0
0
0
0
0
0
0
0
0
0
0
0
0
0
0
0
0
0
0
0
0
0
0
0
0
0
0
0
0
0
0
0
0
0
0
0
0
0
0
0
0
0
0
0
0
0
0
0
0
0
0
0
0
0
0
0
0
0
0
0
0
0
0
0
0
0
0
0
0
0
0
0
0
0
0
0
0
0
0
0
0
0
0
0
0
0
0
0
0
0
0
0
0
0
0
0
0
0
0
0
0
0
0
0
0
0
0
0
0
0
0
0
0
0
0
0
0
0
0
0
0
0
0
0
0
0
0
0
0
0
0
0
0
0
0
0
4.87235e-006
7.95221e-005
7.93482e-005
7.85105e-005
7.88665e-005
7.86155e-005
0.000107394
0.000365507
0.000362417
0.000357642
0.000358437
0.000357361
0.000415096
0.000850954
0.000844197
0.000838379
0.000837895
0.000837123
0.000927468
0.00154117
0.001531
0.0015301
0.00153456
0.0015385
0.0016721
0.00246993
0.00245119
0.00244893
0.00244527
0.00244497
0.00262754
0.0035683
0.00352434
0.00352
0.00351134
0.00351668
0.00375543
0.00485426
0.00480154
0.0047984
0.00478576
0.00479542
0.00508956
0.00637021
0.0063276
0.00634733
0.00634858
0.00636901
0.00675102
0.00817276
0.00811485
0.00810236
0.00808645
0.00807018
0.00783138
0.00711942
0.0071466
0.0071389
0.00714426
0.0071334
0.00691269
0.00626241
0.00629315
0.0062837
0.00629616
0.00630062
0.00611237
0.00552216
0.00557395
0.0055731
0.0055945
0.00559126
0.00538491
0.00483127
0.0048663
0.00484446
0.00484611
0.00481868
0.00460463
0.00410728
0.00413734
0.00413477
0.00413222
0.00412878
0.0039115
0.00347264
0.00349391
0.00350367
0.00350924
0.00352078
0.00332801
0.00293735
0.00296333
0.00297325
0.00297441
0.00297917
0.00277129
0.00242487
0.0024351
0.0024359
0.00242301
0.00242544
0.00222658
0.0019319
0.00194382
0.00194916
0.00194207
0.00194348
0.00176632
0.00150536
0.00152205
0.0015296
0.00153153
0.00153668
0.00137688
0.00115399
0.00117108
0.00117307
0.00117347
0.00117263
0.0010225
0.000833902
0.00084525
0.000843064
0.000842672
0.000841757
0.000713448
0.000562254
0.000574173
0.000572677
0.000572968
0.000571704
0.000468118
0.0003478
0.000358797
0.000358819
0.000360587
0.000360145
0.00027499
0.000187329
0.000195075
0.000194649
0.00019472
0.000193972
0.000131063
7.34483e-005
7.81897e-005
7.80663e-005
7.80291e-005
7.79445e-005
4.21561e-005
1.16822e-005
1.43017e-005
1.43632e-005
1.42904e-005
1.42903e-005
5.74498e-006
-5.80599e-007
8.70701e-009
5.68507e-009
-8.49318e-010
4.4716e-011
4.11485e-012
-1.06656e-012
9.17261e-014
4.93843e-016
-1.14376e-015
1.44459e-016
-5.5262e-018
-9.73093e-019
1.92844e-019
-1.38905e-020
-4.43299e-022
2.2162e-022
-2.39024e-023
5.33621e-025
2.11033e-025
-3.4002e-026
1.98503e-027
1.39137e-028
-4.16277e-029
3.83254e-030
-1.38959e-032
-4.32526e-032
5.84599e-033
-2.59311e-034
-3.4692e-035
7.60786e-036
-5.91477e-037
-1.17751e-038
8.50395e-039
-9.78754e-040
2.85657e-041
7.75911e-042
-1.35538e-042
8.68083e-044
4.5371e-045
-1.61712e-045
1.59093e-046
-1.88111e-048
-1.62411e-048
2.35501e-049
-1.18375e-050
-1.21474e-051
2.98826e-052
-2.49721e-053
-2.33945e-055
3.24457e-055
-3.98756e-056
1.42262e-057
2.82113e-058
-5.37968e-059
3.74964e-060
1.40128e-061
-6.25133e-062
6.56483e-063
-1.2721e-064
-6.05025e-065
9.44509e-066
-5.29269e-067
-4.15574e-068
1.16851e-068
-1.04639e-069
3.57105e-074
1.2303e-071
-1.61679e-072
6.77068e-074
1.01213e-074
-2.1261e-075
1.60282e-076
3.94928e-078
-2.40409e-078
2.69399e-079
-7.11684e-081
-2.23365e-081
3.77166e-082
-2.328e-083
-1.37768e-084
4.54819e-085
-4.35501e-086
3.72048e-088
4.63355e-088
-6.52518e-089
3.12283e-090
3.57212e-091
-8.36613e-092
6.78992e-093
9.19596e-095
-9.19446e-095
1.09981e-095
-3.63482e-097
-8.1605e-098
1.49966e-098
-1.01042e-099
-4.36403e-101
1.7618e-101
-1.80136e-102
2.94409e-104
1.73196e-104
-2.62174e-105
1.40732e-106
1.23474e-107
-3.27749e-108
2.85368e-109
1.05804e-111
-3.4955e-111
4.46796e-112
-1.75861e-113
-2.94473e-114
5.93727e-115
-4.33682e-116
-1.28567e-117
6.79009e-118
-7.40863e-119
1.747e-120
6.41881e-121
-1.04879e-121
6.22921e-123
4.15185e-124
-1.27815e-124
1.1909e-125
-6.12479e-128
-1.32026e-127
1.80661e-128
-8.20634e-130
-1.04678e-130
2.34049e-131
-1.84372e-132
-3.30585e-134
2.60291e-134
-3.03087e-135
9.20439e-137
2.35563e-137
-4.17746e-138
2.71767e-139
1.34304e-140
-4.961e-141
4.9381e-142
-6.52576e-144
-4.95083e-144
7.27198e-145
-3.73079e-146
-3.65176e-147
9.18584e-148
-7.7732e-149
-5.91916e-151
9.92048e-151
-1.23374e-151
4.5404e-153
8.54597e-154
-1.65681e-154
1.17155e-155
4.09552e-157
-1.91605e-157
2.0356e-158
-4.20722e-160
-1.84152e-160
2.91425e-161
-1.66276e-162
-1.2432e-163
3.58905e-164
-3.25305e-165
5.24455e-168
3.75733e-167
-4.99808e-168
2.14713e-169
3.05783e-170
-6.54284e-171
4.99939e-172
1.12746e-173
-7.36153e-174
8.34549e-175
-2.30572e-176
-6.78669e-177
1.16284e-177
-7.29488e-179
-4.09321e-180
1.39579e-180
-1.35235e-181
1.34998e-183
1.41327e-183
-2.01555e-184
9.85743e-186
1.07561e-186
-2.57257e-187
2.11472e-188
2.47523e-190
-2.81253e-190
3.40397e-191
-1.16406e-192
-2.4744e-193
4.62003e-194
-3.15944e-195
-1.2832e-196
5.40199e-197
-5.58786e-198
9.87539e-200
5.275e-200
-8.09185e-201
4.42666e-202
3.70186e-203
-1.00701e-203
8.87607e-205
1.83074e-207
-1.06805e-206
1.38168e-207
-5.59013e-209
-8.90696e-210
1.82771e-210
-1.35362e-211
-3.71364e-213
2.08002e-213
-2.29594e-214
5.69898e-216
1.95174e-216
-3.23452e-217
1.95389e-218
1.23741e-219
-3.92388e-220
3.69976e-221
-2.455e-223
-4.02911e-223
5.58222e-224
-2.5949e-225
-3.1566e-226
7.19927e-227
-5.74564e-228
-9.19129e-230
7.96557e-230
-9.38411e-231
2.95979e-232
7.14899e-233
-1.28737e-233
8.50484e-235
3.96829e-236
-1.52169e-236
1.53246e-237
-2.23533e-239
-1.50879e-239
2.24518e-240
-1.17508e-241
-1.09695e-242
2.8233e-243
-2.41904e-244
-1.42623e-246
3.03264e-246
-3.81655e-247
1.4472e-248
2.58768e-249
-5.10189e-250
3.65926e-251
1.19328e-252
-5.87176e-253
6.3108e-254
-1.3848e-255
-5.6034e-256
8.99056e-257
-5.22112e-258
-3.71515e-259
1.1022e-259
-1.01111e-260
3.19823e-263
1.14724e-262
-1.54487e-263
6.80269e-265
9.23331e-266
-2.01321e-266
1.55894e-267
3.19792e-269
-2.25376e-269
2.58486e-270
-7.45129e-272
-2.06136e-272
3.58464e-273
-2.28494e-274
-1.21427e-275
4.28287e-276
-4.19862e-277
4.78658e-279
4.30954e-279
-6.22489e-280
3.1094e-281
3.23656e-282
-7.90947e-283
6.58466e-284
6.52156e-286
-8.60167e-286
1.05338e-286
-3.72212e-288
-7.49974e-289
1.42311e-289
-9.87574e-291
-3.76386e-292
1.65608e-292
-1.73306e-293
3.29021e-295
1.60615e-295
-2.49716e-296
1.39163e-297
1.10883e-298
-3.09362e-299
2.7602e-300
1.23491e-303
-3.26276e-302
4.2721e-303
-1.77505e-304
-2.69277e-305
5.62558e-306
-4.22368e-307
-1.06772e-308
6.37066e-309
-7.11394e-310
1.85316e-311
5.93271e-312
-9.97409e-313
6.12588e-314
3.68301e-315
-1.20492e-315
1.15725e-316
-1.34711e-318
-1.23733e-318
4.02728e-319
-1.02504e-319
-1.61312e-320
1.04248e-321
8.32501e-321
-3.69413e-320
-1.11348e-319
1.50888e-320
-6.24499e-321
1.11348e-319
-2.4975e-320
-9.62588e-320
-1.97725e-320
1.59741e-319
7.12838e-320
-1.56619e-319
-8.63726e-320
-6.40013e-320
-1.44129e-319
3.12249e-321
-5.87988e-320
-2.81494e-319
4.83888e-320
1.56125e-321
1.08225e-319
-1.873e-320
4.11063e-320
-2.65363e-320
-1.21234e-319
-5.35913e-320
-3.64225e-320
1.61303e-319
-6.76425e-320
4.52663e-320
-6.13975e-320
3.7465e-320
3.07012e-320
7.96088e-320
9.00138e-320
-5.25538e-320
1.00943e-319
-9.20988e-320
-1.50888e-320
5.6195e-320
-5.6195e-320
-1.40488e-319
-2.08002e-321
-4.995e-320
1.13951e-319
-1.14994e-319
5.20301e-320
2.33105e-319
7.28253e-321
2.34138e-320
-2.2895e-320
5.18769e-322
1.40463e-320
2.80975e-320
4.94313e-320
-7.59675e-320
8.32501e-321
1.35804e-319
2.34138e-320
9.00138e-320
-9.62588e-320
6.76425e-320
-5.51525e-320
3.01775e-320
4.52663e-320
-1.92537e-320
-5.8275e-320
4.42288e-320
-5.30725e-320
-9.05375e-320
-1.09268e-319
4.94313e-320
-6.244e-320
-1.30601e-319
5.51525e-320
8.84378e-321
-4.47475e-320
-6.40013e-320
1.15513e-319
4.89125e-320
-8.79338e-320
6.244e-320
-8.68963e-320
-4.00638e-320
-4.579e-320
-3.38188e-320
-4.3705e-320
-3.122e-320
-7.28253e-321
2.20096e-319
8.63726e-320
-6.19163e-320
1.1447e-319
2.26341e-319
1.873e-320
1.56125e-321
4.31863e-320
-9.36748e-321
-6.34776e-320
1.6026e-319
-6.24499e-321
6.97225e-320
-1.03023e-319
-1.21234e-319
-5.56763e-320
8.89763e-320
7.02413e-320
1.32681e-319
-9.52213e-320
-1.30087e-320
8.27313e-320
3.33e-320
2.914e-320
-6.24499e-321
3.38188e-320
-5.67138e-320
-8.68963e-320
-1.35275e-320
-7.28253e-321
1.69104e-319
-2.914e-320
-1.249e-320
-2.13338e-320
-1.28521e-319
-9.41788e-320
1.27998e-319
-2.4975e-320
9.00138e-320
-1.19673e-319
3.64225e-320
6.76376e-321
-7.701e-320
3.48613e-320
-9.88625e-321
-1.65981e-319
-4.16497e-321
-1.37884e-319
-7.80624e-321
-1.15513e-319
9.41788e-320
-8.84378e-321
-5.77563e-320
1.03023e-319
-1.40463e-320
6.34776e-320
-2.80975e-320
-1.92537e-320
3.12249e-321
-2.18525e-320
1.87839e-319
-3.27813e-320
-1.80551e-319
-1.30087e-320
-2.96588e-320
9.62588e-320
-1.00424e-319
-3.9545e-320
4.11063e-320
9.88625e-320
-9.88625e-320
3.43425e-320
-7.85713e-320
9.52213e-320
-6.452e-320
-4.73513e-320
7.96088e-320
3.90262e-320
-1.11871e-319
2.39325e-320
5.77563e-320
-5.98363e-320
5.18769e-322
-9.366e-320
-8.94951e-320
-6.244e-320
-1.09786e-319
-1.57138e-319
-3.59038e-320
-4.68374e-321
1.41006e-319
1.63901e-319
6.13975e-320
4.1625e-320
1.50888e-320
3.64225e-320
-6.03551e-320
-5.20251e-321
7.909e-320
-1.39445e-319
-4.47475e-320
3.01775e-320
7.80624e-321
4.11063e-320
-2.13338e-320
1.82113e-320
-8.32501e-321
-3.69413e-320
-2.63283e-319
-6.81613e-320
1.62859e-319
-1.61312e-320
1.04248e-321
3.90262e-320
-8.32501e-321
1.10628e-005
1.47664e-005
1.43095e-005
1.42598e-005
1.42973e-005
1.42807e-005
6.45162e-005
7.95911e-005
7.75471e-005
7.74099e-005
7.76218e-005
7.75301e-005
0.000171325
0.000196289
0.000193542
0.000193675
0.000194382
0.000194433
0.000334158
0.000366288
0.000361376
0.000360513
0.000360021
0.000358878
0.000540139
0.000580519
0.000573324
0.000574195
0.000573186
0.000573437
0.000797807
0.000846019
0.000836582
0.000838907
0.00083932
0.000842917
0.00111857
0.00117545
0.00116628
0.00117133
0.00117077
0.00117419
0.00149746
0.00155511
0.00153743
0.00153849
0.00152967
0.00153161
0.0018949
0.00196012
0.00194442
0.00194634
0.00194369
0.00194077
0.00235579
0.00241732
0.00240947
0.0024153
0.00242358
0.0024286
0.00290864
0.00297544
0.00297087
0.00297321
0.00297841
0.00297316
0.00349923
0.00355036
0.00353413
0.00351796
0.00352097
0.00351063
0.00408758
0.00414171
0.004136
0.00412178
0.00412551
0.0041135
0.00474483
0.00480556
0.00481537
0.00481892
0.0048386
0.00484068
0.00553799
0.00560308
0.00559916
0.00559959
0.00559513
0.00558515
0.00630683
0.00635244
0.00631976
0.0063203
0.00631083
0.00631378
0.00557371
0.00552031
0.00552094
0.00552276
0.00551095
0.00552117
0.00483319
0.00480959
0.00482468
0.00484595
0.00484156
0.00486024
0.00420183
0.00418111
0.00418021
0.00418564
0.00416557
0.0041643
0.00354104
0.00351172
0.00351343
0.00351417
0.0035113
0.00350724
0.00295089
0.00292169
0.00293003
0.00292577
0.00293181
0.0029344
0.00243443
0.00242272
0.0024372
0.00243837
0.00244538
0.00244207
0.00198167
0.00196371
0.00197153
0.0019621
0.00196147
0.00194435
0.0015384
0.00152125
0.00153206
0.00152563
0.00152859
0.00151594
0.00115944
0.00114884
0.00115589
0.00115542
0.0011596
0.00115322
0.000846449
0.000842927
0.00084911
0.000850162
0.000851235
0.00084188
0.000580642
0.000576606
0.000578749
0.000577026
0.00057538
0.000565436
0.00035714
0.000355996
0.000357879
0.000358125
0.00035685
0.000347652
0.000190047
0.000190465
0.000192197
0.000192956
0.000192994
0.000186307
7.69479e-005
7.77416e-005
7.89184e-005
7.90662e-005
7.88123e-005
7.3376e-005
1.34121e-005
1.39054e-005
1.44644e-005
1.43673e-005
1.43673e-005
1.27082e-005
-3.40309e-007
-1.04764e-007
1.77666e-008
-1.10195e-009
-6.41953e-011
2.13952e-011
-2.05584e-012
1.84473e-014
2.17571e-014
-3.07543e-015
1.48145e-016
1.67099e-017
-3.93783e-018
3.20812e-019
4.16828e-021
-4.32101e-021
5.18669e-022
-1.73192e-023
-3.82517e-024
7.0626e-025
-4.77971e-026
-2.02741e-027
8.28551e-028
-8.50089e-029
1.4231e-030
8.12906e-031
-1.23538e-031
6.66913e-033
5.76863e-034
-1.54231e-034
1.34778e-035
4.33373e-038
-1.6422e-037
2.10655e-038
-8.36044e-040
-1.37932e-040
2.79551e-041
-2.0504e-042
-5.94257e-044
3.19241e-044
-3.49523e-045
8.37144e-047
3.01124e-047
-4.94083e-048
2.94946e-049
1.93638e-050
-6.01317e-051
5.62256e-052
-3.14254e-054
-6.20037e-054
8.5157e-055
-3.89508e-056
-4.89877e-057
1.10174e-057
-8.71279e-059
-1.51177e-060
1.22341e-060
-1.42951e-061
4.3912e-063
1.10447e-063
-1.96755e-064
1.2859e-065
6.24812e-067
-2.33335e-067
2.33066e-068
-3.17547e-070
-2.32412e-070
3.42694e-071
-1.76869e-072
-1.70704e-073
4.32305e-074
-3.67182e-075
-2.60713e-077
4.66132e-077
-5.8174e-078
2.16029e-079
4.00422e-080
-7.80169e-081
5.54013e-082
1.89769e-083
-9.00948e-084
9.60463e-085
-2.02166e-086
-8.64088e-087
1.37303e-087
-7.87551e-089
-5.80266e-090
1.68867e-090
-1.53608e-091
3.18881e-094
1.76483e-093
-2.35615e-094
1.01973e-095
1.43158e-096
-3.08022e-097
2.36298e-098
5.1846e-100
-3.46048e-100
3.93658e-101
-1.10168e-102
-3.1828e-103
5.47738e-104
-3.45259e-105
-1.90646e-106
6.56564e-107
-6.38358e-108
6.64283e-110
6.63562e-110
-9.49923e-111
4.67532e-112
5.03053e-113
-1.21082e-113
9.99093e-115
1.11556e-116
-1.32169e-116
1.60523e-117
-5.54388e-119
-1.15972e-119
2.17571e-120
-1.4944e-121
-5.95718e-123
2.54036e-123
-2.63686e-124
4.7634e-126
2.47565e-126
-3.81279e-127
2.0974e-128
1.72902e-129
-4.73855e-130
4.19185e-131
6.62068e-134
-5.01743e-133
6.51405e-134
-2.65668e-135
-4.17145e-136
8.60525e-137
-6.39916e-138
-1.71425e-139
9.77886e-140
-1.08312e-140
2.7282e-142
9.15532e-143
-1.52372e-143
9.25021e-145
5.76901e-146
-1.84594e-146
1.74665e-147
-1.23568e-149
-1.89207e-149
2.63115e-150
-1.23136e-151
-1.47698e-152
3.38879e-153
-2.71498e-154
-4.18937e-156
3.74375e-156
-4.4258e-157
1.41124e-158
3.35153e-159
-6.06315e-160
4.02372e-161
1.84508e-162
-7.15677e-163
7.23241e-164
-1.08418e-165
-7.08234e-166
1.058e-166
-5.56983e-168
-5.12654e-169
1.32865e-169
-1.1426e-170
-6.16018e-173
1.42486e-172
-1.79953e-173
6.88309e-175
1.2123e-175
-2.40231e-176
1.73026e-177
5.52369e-179
-2.76083e-179
2.97749e-180
-6.64557e-182
-2.62902e-182
4.23567e-183
-2.47259e-184
-1.7335e-185
5.18572e-186
-4.77409e-187
1.72775e-189
5.38828e-189
-7.28236e-190
3.2299e-191
4.32204e-192
-9.47732e-193
7.36775e-194
1.46742e-195
-1.05938e-195
1.21922e-196
-3.55776e-198
-9.6663e-199
1.68842e-199
-1.08131e-200
-5.65293e-202
2.01452e-202
-1.98178e-203
2.34203e-205
2.02327e-205
-2.93365e-206
1.47447e-207
1.51339e-208
-3.72257e-209
3.11068e-210
2.9166e-212
-4.04196e-212
4.96729e-213
-1.7719e-214
-3.51459e-215
6.70158e-216
-4.67071e-217
-1.746e-218
7.78757e-219
-8.1777e-220
1.58416e-221
7.53732e-222
-1.17658e-222
6.59263e-224
5.17755e-225
-1.45565e-225
1.30346e-226
-3.5305e-231
-1.53266e-228
2.01403e-229
-8.43327e-231
-1.26093e-231
2.64854e-232
-1.99655e-233
-4.92129e-235
2.9949e-235
-3.35587e-236
8.86356e-238
2.78267e-238
-4.69841e-239
2.89982e-240
1.71647e-241
-5.66586e-242
5.42492e-243
-4.63103e-245
-5.77236e-245
8.12844e-246
-3.88974e-247
-4.4503e-248
1.04219e-248
-8.45793e-250
-1.1462e-251
1.14541e-251
-1.37002e-252
4.52717e-254
1.01664e-254
-1.86815e-255
1.25861e-256
5.43745e-258
-2.19475e-258
2.24392e-259
-3.66607e-261
-2.15764e-261
3.26592e-262
-1.75296e-263
-1.53832e-264
4.08289e-265
-3.55474e-266
-1.32057e-268
4.35457e-268
-5.56572e-269
2.19043e-270
3.6686e-271
-7.3962e-272
5.40215e-273
1.60203e-274
-8.45875e-275
9.22883e-276
-2.1757e-277
-7.99649e-278
1.30649e-278
-7.75922e-280
-5.17279e-281
1.59224e-281
-1.48347e-282
7.61961e-285
1.64475e-284
-2.25049e-285
1.02216e-286
1.30411e-287
-2.91561e-288
2.29664e-289
4.11994e-291
-3.24259e-291
3.77553e-292
-1.14639e-293
-2.93465e-294
5.20393e-295
-3.38521e-296
-1.67335e-297
6.18013e-298
-6.15129e-299
8.12524e-301
0.01307
0.000958171
-0.000208413
1.61113e-005
3.34632e-007
-2.33465e-007
2.67368e-008
0.0167769
0.00112025
-0.000258645
2.08046e-005
0.0388092
0.00245089
-0.000586704
4.82541e-005
5.61167e-007
-6.4129e-007
7.76525e-008
-2.65917e-009
-5.63985e-010
1.05374e-010
-7.21044e-012
0.0127507
0.000685522
-0.000182629
1.59308e-005
5.50898e-008
-1.94615e-007
2.49206e-008
0.0163158
0.000784294
-0.000225718
2.04304e-005
0.0376597
0.00169199
-0.000510795
4.72072e-005
-1.94145e-007
-5.29744e-007
7.18815e-008
-3.21297e-009
-4.23347e-010
9.34104e-011
5.7285e-007
0.0122879
0.000452003
-0.000157956
1.54358e-005
-1.70092e-007
-1.59209e-007
3.10032e-006
0.0156486
0.000497886
-0.000194373
3.24815e-005
0.0360248
0.00104676
-0.000438746
4.53306e-005
-7.95035e-007
-4.28726e-007
1.31426e-005
0.0152496
0.000372164
-0.000179417
9.468e-005
0.0350767
0.000764165
-0.000404435
4.41467e-005
-1.04305e-006
-3.82216e-007
7.66078e-005
0.0148228
0.000257468
-0.000164987
0.00028399
0.0340544
0.000506779
-0.000371373
4.28304e-005
-1.25899e-006
-3.38364e-007
5.92626e-008
-3.80611e-009
-1.96998e-010
7.0649e-011
0.00020093
0.0109774
9.14995e-005
-0.000113132
1.37871e-005
-4.80698e-007
-9.90093e-008
0.000392771
0.0138779
5.91845e-005
-0.000137815
0.00114406
0.0318275
6.30055e-005
-0.00030923
3.98856e-005
-1.60303e-006
-2.58527e-007
5.28202e-008
-3.89875e-009
-1.09051e-010
6.01842e-011
0.000624713
0.0102109
-4.14847e-005
-9.33526e-005
1.27526e-005
-5.77434e-007
-7.41327e-008
0.00105433
0.0128692
-0.000100983
-0.000113015
0.00279815
0.0294541
-0.000293933
-0.000252641
3.66493e-005
-1.84344e-006
-1.88877e-007
4.64972e-008
-3.88725e-009
-3.61907e-011
5.04765e-011
0.00394334
0.0282365
-0.000442712
-0.000226499
3.49648e-005
-1.9296e-006
-1.57743e-007
0.0020322
0.0118205
-0.000227089
-9.06601e-005
0.0052271
0.0270145
-0.00057345
-0.000201748
3.32506e-005
-1.99552e-006
-1.28921e-007
0.00263938
0.0112907
-0.000278623
-8.04037e-005
0.006774
0.0257807
-0.000687077
-0.000178438
3.15246e-005
-2.04293e-006
-1.02391e-007
0.00348735
0.0107606
-0.000323133
-7.07562e-005
0.00888294
0.0245515
-0.000784793
-0.000156536
2.97965e-005
-2.0735e-006
-7.80491e-008
3.46426e-008
-3.63334e-009
6.98844e-011
3.35539e-011
0.0037104
0.00776741
-0.000288715
-4.53261e-005
9.35083e-006
-6.9539e-007
-1.86237e-008
0.00548832
0.00970411
-0.000392979
-5.32535e-005
0.0136289
0.0220999
-0.000936868
-0.000116871
2.6374e-005
-2.09039e-006
-3.55746e-008
2.92609e-008
-3.42588e-009
1.05927e-010
2.63784e-011
0.00531408
0.00696076
-0.000330596
-3.30114e-005
8.22551e-006
-6.92391e-007
-5.78173e-009
0.00752856
0.00867362
-0.000440301
-3.80595e-005
0.018349
0.0197292
-0.00103811
-8.25219e-005
2.3052e-005
-2.05796e-006
-7.61797e-010
2.43058e-008
-3.18434e-009
1.32476e-010
2.00494e-011
0.00687702
0.00618919
-0.000356882
-2.2419e-005
7.14306e-006
-6.74765e-007
4.63441e-009
0.00948733
0.00769147
-0.000468534
-2.50492e-005
0.0228069
0.0174623
-0.00109641
-5.31868e-005
1.98836e-005
-1.98673e-006
2.71471e-008
0.0103701
0.00721555
-0.000476496
-1.93174e-005
0.0248271
0.016372
-0.00111174
-4.02911e-005
1.83697e-005
-1.93952e-006
3.87502e-008
0.0112084
0.00675822
-0.000480854
-1.40746e-005
0.0267381
0.0153206
-0.00111901
-2.8514e-005
1.69079e-005
-1.88599e-006
4.89109e-008
1.5757e-008
-2.64545e-009
1.62227e-010
9.80235e-012
0.00952266
0.0047638
-0.000372547
-5.9495e-006
5.16354e-006
-6.0841e-007
1.91996e-008
0.0128176
0.00588591
-0.000480153
-4.97227e-006
0.0305158
0.0133193
-0.00111251
-8.11923e-006
1.4152e-005
-1.7638e-006
6.52729e-008
1.21702e-008
-2.36667e-009
1.67788e-010
5.79272e-012
0.0107672
0.00412032
-0.00036632
1.82257e-007
4.2847e-006
-5.65069e-007
2.38424e-008
0.014368
0.00507392
-0.000469035
2.42986e-006
0.0339558
0.0114594
-0.00108285
8.39966e-006
1.16329e-005
-1.62713e-006
7.6947e-008
9.02895e-009
-2.09128e-009
1.68554e-010
2.45283e-012
0.0354659
0.0105929
-0.00106103
1.53295e-005
1.04658e-005
-1.55531e-006
8.12383e-008
0.0156465
0.00433032
-0.000449815
8.30706e-006
0.0368025
0.00976123
-0.00103528
2.145e-005
9.35878e-006
-1.48185e-006
8.46087e-008
0.0161362
0.00398284
-0.000437812
1.07283e-005
0.0378455
0.00896788
-0.00100624
2.68006e-005
8.31426e-006
-1.40756e-006
8.71334e-008
0.0165385
0.00365212
-0.000424526
1.28332e-005
0.038717
0.00821246
-0.000974398
3.14343e-005
7.331e-006
-1.33288e-006
8.8887e-008
3.99929e-009
-1.57092e-009
1.59348e-010
-2.4581e-012
0.0131059
0.00249602
-0.000313097
1.17775e-005
2.13531e-006
-4.19065e-007
2.99414e-008
0.0170653
0.00303595
-0.000394931
1.61775e-005
0.0397674
0.00680595
-0.0009042
3.87427e-005
5.54515e-006
-1.18422e-006
9.03606e-008
2.05711e-009
-1.33308e-009
1.50945e-010
-4.15154e-012
0.0133085
0.00204934
-0.000288617
1.38144e-005
1.57977e-006
-3.70036e-007
3.00341e-008
0.0172307
0.00247653
-0.000362537
1.85013e-005
0.0400395
0.00553025
-0.000828078
4.37465e-005
3.99241e-006
-1.03907e-006
8.95546e-008
4.55798e-010
-1.11322e-009
1.40895e-010
-5.41706e-012
0.0133098
0.00164645
-0.000262658
1.51426e-005
1.09994e-006
-3.22618e-007
2.94482e-008
0.0171765
0.00197389
-0.000328612
1.99563e-005
0.0398887
0.00438657
-0.000748883
4.67937e-005
2.66058e-006
-8.99934e-007
8.69399e-008
0.0171467
0.00174382
-0.000311411
2.04025e-005
0.0397901
0.00386401
-0.000708886
4.76853e-005
2.073e-006
-8.33224e-007
8.50867e-008
0.0170796
0.00152777
-0.000294206
2.06833e-005
0.039597
0.00337381
-0.000668967
4.82063e-005
1.53501e-006
-7.68672e-007
8.29336e-008
-1.85474e-009
-7.31787e-010
1.17958e-010
-6.89008e-012
0.0130825
0.000971532
-0.000209605
1.61108e-005
3.48725e-007
-2.3531e-007
2.68135e-008
0.0167942
0.00113675
-0.000260172
2.08111e-005
0.0388509
0.00248821
-0.00059023
4.82783e-005
5.99454e-007
-6.46605e-007
7.79004e-008
-2.62923e-009
-5.70834e-010
1.05921e-010
-7.20183e-012
0.0127683
0.000697048
-0.00018378
1.59464e-005
6.65726e-008
-1.96307e-007
2.50079e-008
0.0163408
0.000798465
-0.000227183
2.04559e-005
0.0377229
0.00172396
-0.000514169
4.72745e-005
-1.63296e-007
-5.34588e-007
7.2155e-008
-3.19194e-009
-4.29328e-010
9.39488e-011
1.28578e-006
0.0369746
0.00138531
-0.000477541
4.64455e-005
-4.85195e-007
-4.82546e-007
2.6598e-006
0.015683
0.000509879
-0.000195758
3.10635e-005
0.0361085
0.00107374
-0.000441924
4.54309e-005
-7.70824e-007
-4.33086e-007
1.06936e-005
0.015287
0.000383131
-0.000180755
8.17179e-005
0.0351653
0.000788797
-0.000407503
4.42601e-005
-1.02186e-006
-3.86334e-007
6.95427e-005
0.014863
0.000267453
-0.000166276
0.000260595
0.0341508
0.000529166
-0.000374326
4.2955e-005
-1.24063e-006
-3.42241e-007
5.9556e-008
-3.79906e-009
-2.01376e-010
7.11412e-011
0.000187177
0.0110113
9.8245e-005
-0.000114075
1.38316e-005
-4.75458e-007
-1.00221e-007
0.000373095
0.0139225
6.73399e-005
-0.000138999
0.00108695
0.0319308
8.12218e-005
-0.000311936
4.00269e-005
-1.58976e-006
-2.61932e-007
5.31114e-008
-3.89696e-009
-1.12711e-010
6.0644e-011
0.000599337
0.0102469
-3.6057e-005
-9.42112e-005
1.28016e-005
-5.73769e-007
-7.51903e-008
0.00101914
0.0129166
-9.44717e-005
-0.000114089
0.00271569
0.0295649
-0.000279459
-0.00025509
3.68008e-005
-1.83454e-006
-1.91828e-007
4.67803e-008
-3.88973e-009
-3.91949e-011
5.09004e-011
0.0012762
0.00943977
-0.000142868
-7.62252e-005
1.16949e-005
-6.3992e-007
-5.34822e-008
0.00198385
0.0118683
-0.000222039
-9.16229e-005
0.00509894
0.0271263
-0.000562293
-0.000203937
3.3407e-005
-1.99032e-006
-1.31444e-007
0.00258026
0.011339
-0.000274236
-8.13109e-005
0.00660476
0.0258929
-0.000677422
-0.000180498
3.16818e-005
-2.03934e-006
-1.04711e-007
0.00340508
0.0108086
-0.000319364
-7.16083e-005
0.00868974
0.0246631
-0.000776538
-0.00015847
2.99534e-005
-2.07137e-006
-8.01738e-008
3.48967e-008
-3.64174e-009
6.79986e-011
3.39004e-011
0.00363689
0.00780461
-0.000286398
-4.59284e-005
9.40269e-006
-6.9512e-007
-1.92691e-008
0.00539261
0.00975199
-0.00039032
-5.39982e-005
0.0134144
0.0222105
-0.00093112
-0.000118557
2.65279e-005
-2.09077e-006
-3.73334e-008
2.94965e-008
-3.43615e-009
1.04505e-010
2.6686e-011
0.00524343
0.00699672
-0.00032905
-3.3533e-005
8.27586e-006
-6.92871e-007
-6.31092e-009
0.00743573
0.00871903
-0.000438589
-3.87017e-005
0.0181381
0.0198341
-0.0010345
-8.3972e-005
2.32e-005
-2.06035e-006
-2.18866e-009
2.45214e-008
-3.19588e-009
1.31456e-010
2.03191e-011
0.0204476
0.0186874
-0.00106949
-6.85963e-005
2.15915e-005
-2.02987e-006
1.27262e-008
0.00940483
0.00773535
-0.000467619
-2.55952e-005
0.0226196
0.0175633
-0.00109458
-5.44162e-005
2.00237e-005
-1.99068e-006
2.60175e-008
0.0102893
0.00725829
-0.000475926
-1.98179e-005
0.0246492
0.0164691
-0.00111069
-4.14164e-005
1.85052e-005
-1.94409e-006
3.77563e-008
0.0111339
0.00679921
-0.000480597
-1.45315e-005
0.0265649
0.0154149
-0.00111866
-2.95397e-005
1.70386e-005
-1.89109e-006
4.80444e-008
1.59308e-008
-2.6581e-009
1.61843e-010
1.00014e-011
0.00946683
0.00479415
-0.000372639
-6.25948e-006
5.20534e-006
-6.10256e-007
1.89505e-008
0.0127386
0.00592427
-0.00048043
-5.34781e-006
0.0303371
0.0134073
-0.00111335
-8.9591e-006
1.42723e-005
-1.76972e-006
6.46361e-008
1.23235e-008
-2.37931e-009
1.67646e-010
5.96e-012
0.0107159
0.00414847
-0.000366764
-6.89011e-008
4.32292e-006
-5.67137e-007
2.36645e-008
0.0143041
0.0051094
-0.000469732
2.12781e-006
0.0338169
0.0115407
-0.00108462
7.72712e-006
1.17421e-005
-1.63357e-006
7.65084e-008
9.16232e-009
-2.10364e-009
1.6861e-010
2.59095e-012
0.011765
0.00355383
-0.000353993
4.89252e-006
3.52088e-006
-5.2012e-007
2.69211e-008
0.0155953
0.00436275
-0.000450834
8.07052e-006
0.0366947
0.00983521
-0.00103776
2.09263e-005
9.4568e-006
-1.48857e-006
8.43384e-008
0.0160964
0.00401378
-0.00043896
1.05216e-005
0.0377586
0.00903822
-0.001009
2.63446e-005
8.40667e-006
-1.41434e-006
8.69368e-008
0.0165053
0.00368157
-0.000425781
1.26544e-005
0.038646
0.00827975
-0.000977395
3.10414e-005
7.41787e-006
-1.33967e-006
8.87576e-008
4.09618e-009
-1.58212e-009
1.59681e-010
-2.37e-012
0.0130902
0.00251736
-0.000314159
1.16662e-005
2.16242e-006
-4.21317e-007
2.99184e-008
0.01705
0.00306271
-0.000396348
1.60488e-005
0.0397409
0.00686706
-0.000907543
3.84633e-005
5.62119e-006
-1.19092e-006
9.03469e-008
2.13775e-009
-1.34352e-009
1.51367e-010
-4.0843e-012
0.0133032
0.00206869
-0.000289769
1.3738e-005
1.60335e-006
-3.72236e-007
3.00458e-008
0.0172281
0.00250073
-0.000364051
1.84156e-005
0.0400395
0.00558538
-0.000831624
4.3564e-005
4.0581e-006
-1.04555e-006
8.96339e-008
5.21648e-010
-1.12281e-009
1.41379e-010
-5.368e-012
0.039982
0.00499446
-0.000792347
4.53541e-005
3.36094e-006
-9.75015e-007
8.85665e-008
0.0171808
0.0019955
-0.000330171
1.9907e-005
0.0398917
0.0044357
-0.000752514
4.6693e-005
2.71652e-006
-9.06099e-007
8.70919e-008
0.0171515
0.00176416
-0.000312977
2.0369e-005
0.0398012
0.00391017
-0.000712522
4.76201e-005
2.12433e-006
-8.39202e-007
8.52683e-008
0.0170878
0.00154683
-0.000295767
2.06642e-005
0.0396179
0.00341705
-0.000672586
4.81733e-005
1.58192e-006
-7.74447e-007
8.31406e-008
-1.814e-009
-7.39573e-010
1.18502e-010
-6.86994e-012
0.600187
0.805158
0.734356
0.762686
0.533765
0.326177
0.879255
0.0863828
-0.0176081
0.00138488
2.51598e-005
0.0367193
0.0461065
0.0427552
0.0254887
0.0260681
0.0189655
0.0127014
0.00895014
0.00572607
0.00381115
0.00287985
0.630743
0.70213
0.700871
0.741809
0.50149
0.370946
0.905284
0.0619817
-0.0154025
0.00136517
1.8073e-006
0.0390177
0.0445241
0.0415866
0.0256303
0.0260514
0.0183605
0.0122672
0.00874346
0.00557029
0.00382053
0.00277293
0.663794
0.694948
0.709165
0.738478
0.478058
0.424996
0.907514
0.0411304
-0.0132968
0.00131946
-1.52549e-005
0.0408671
0.0440994
0.0402633
0.0254047
0.025883
0.0177083
0.0117426
0.0152024
0.000274527
-0.000164944
0.000175062
0.680251
0.605944
0.675854
0.710579
0.474305
0.473667
0.893411
0.0235775
-0.0113174
0.00125375
2.15341e-006
0.0427861
0.044389
0.0386084
0.0253487
0.0255475
0.0172028
0.0111815
0.00819119
0.0051386
0.00372731
0.00328861
0.714881
0.589172
0.673517
0.686316
0.474421
0.506695
0.868522
0.00903325
-0.00948256
0.0011736
0.000169112
0.04447
0.0445029
0.036786
0.0253028
0.0252434
0.0168102
0.0106194
0.00799883
0.00487123
0.00363979
0.00887865
0.729318
0.557585
0.633554
0.644342
0.477221
0.522666
0.832641
-0.00275858
-0.00780421
0.00108353
0.000464154
0.0461183
0.0442086
0.0349101
0.0253428
0.0249793
0.0163319
0.0102236
0.00784697
0.00465012
0.00358125
0.0209967
0.794084
0.573783
0.622379
0.616846
0.467083
0.526989
0.78644
-0.0121103
-0.00628765
0.000987581
0.00129362
0.0482152
0.0441621
0.033623
0.0251839
0.0244913
0.0158933
0.0112415
0.0109093
-0.000309529
-7.13806e-005
0.0550149
0.776744
0.557664
0.614114
0.603692
0.453313
0.529812
0.732763
-0.0192892
-0.00493465
0.000888969
0.077575
0.832502
0.567188
0.629281
0.608953
0.441935
0.534161
0.962523
0.353042
0.307363
0.015811
0.0948911
0.851045
0.572034
0.639255
0.616535
0.432332
0.541772
0.674611
-0.0245911
-0.0037418
0.000790432
0.00353022
0.0503367
0.0466943
0.0310421
0.024074
0.0239224
0.0156401
0.0100821
0.00753915
0.00417036
0.00350342
0.151267
0.828819
0.583258
0.652446
0.633428
0.414563
0.568702
0.613748
-0.0282665
-0.00270415
0.000694097
0.00547213
0.0519586
0.0477947
0.029777
0.023633
0.023581
0.0155934
0.0101219
0.00735431
0.00409966
0.00343511
0.22591
0.923665
0.634152
0.674086
0.642486
0.392197
0.609229
0.552007
-0.0305577
-0.001813
0.000601655
0.00833069
0.0526887
0.04822
0.0283999
0.0232144
0.0232876
0.0153617
0.0155652
0.00679711
-0.000472107
-1.48163e-005
0.269763
0.862197
0.637672
0.667
0.635015
0.371726
0.655244
0.49075
-0.0316964
-0.00105947
0.000514365
0.0111302
0.0529899
0.048073
0.027302
0.023569
0.0230091
0.0151297
0.00994447
0.00695803
0.0039776
0.00330158
0.0289829
0.0143773
-0.00111369
-1.9167e-005
1.56174e-005
-1.82637e-006
5.62584e-008
0.0126624
0.00596274
-0.000480684
-5.72687e-006
0.0301552
0.0134955
-0.00111414
-9.80703e-006
1.4393e-005
-1.77561e-006
6.39896e-008
1.24777e-008
-2.39196e-009
1.67495e-010
6.12868e-012
0.032025
0.0125408
-0.00110289
-9.21072e-007
1.30932e-005
-1.70936e-006
7.05738e-008
0.0330831
0.0119524
-0.00109295
4.25115e-006
0.0336821
0.0116214
-0.00108632
7.05299e-006
1.18506e-005
-1.6399e-006
7.60633e-008
9.2952e-009
-2.11586e-009
1.68653e-010
2.72908e-012
0.0351972
0.0107477
-0.00106531
1.4131e-005
1.06736e-005
-1.56851e-006
8.05287e-008
0.0361101
0.0102106
-0.00104979
1.82084e-005
0.0365897
0.00990859
-0.00104017
2.04002e-005
9.55424e-006
-1.49519e-006
8.40613e-008
0.0373007
0.00939638
-0.00102249
2.39714e-005
0.0376762
0.00910812
-0.00101169
2.58858e-005
8.49859e-006
-1.42102e-006
8.67334e-008
0.0382652
0.00862112
-0.000992119
2.89907e-005
0.038578
0.00834659
-0.000980323
3.06456e-005
7.50431e-006
-1.34637e-006
8.86212e-008
4.19291e-009
-1.59323e-009
1.60002e-010
-2.28158e-012
0.520812
0.973077
0.738335
0.78572
0.636685
0.316328
0.725522
0.254754
-0.0042847
0.0123789
0.0012614
0.0234203
0.0497208
0.0466391
0.0247077
0.024542
0.0204172
0.0138072
0.106771
0.0567996
0.0244658
0.00236145
0.531586
0.857744
0.726218
0.766584
0.623314
0.311114
0.748244
0.185543
-0.0245113
0.00120672
0.000129761
0.0261791
0.0487381
0.0456983
0.0250883
0.024857
0.0200556
0.0136019
0.0412603
0.00498029
-0.000788137
4.49677e-005
0.551107
0.903936
0.756575
0.77595
0.600211
0.301964
0.784915
0.179281
-0.00153072
0.0109141
0.000854167
0.0292473
0.0481117
0.0446722
0.0253868
0.0252585
0.0197172
0.0133141
0.0179883
0.00154269
-0.000292546
2.02897e-005
0.584255
0.786619
0.717279
0.757646
0.5726
0.303047
0.831526
0.116039
-0.0199815
0.00136982
5.50551e-005
0.03303
0.0473651
0.0437487
0.0253327
0.0257661
0.0193957
0.0130133
0.0400369
0.00295174
-0.000629901
4.80383e-005
0.599403
0.807432
0.734769
0.763123
0.53545
0.324612
0.877506
0.186666
0.0296967
0.0194475
0.00121318
0.0363988
0.0461885
0.0427952
0.0254694
0.026065
0.0189899
0.0127171
0.116012
0.0473985
0.0169956
0.00107204
0.629358
0.704216
0.701304
0.742256
0.502827
0.368594
0.904648
0.0630108
-0.0155008
0.00136668
2.7654e-006
0.0389267
0.0445846
0.041645
0.0256351
0.0260556
0.0183911
0.0122882
0.0374795
0.00141721
-0.00047874
4.77515e-005
0.662389
0.697688
0.709878
0.739207
0.478675
0.422546
0.90783
0.142136
0.0306643
0.0161663
0.000683348
0.040615
0.0441202
0.0403272
0.0254159
0.0258949
0.0177351
0.0117697
0.0152463
0.000284529
-0.000166221
0.00015138
0.679522
0.608006
0.676467
0.711686
0.474318
0.471754
0.8943
0.0243077
-0.0114044
0.00125709
0.000261579
0.69817
0.611023
0.685378
0.704665
0.472701
0.490838
0.883712
0.0358715
-0.010238
0.00101451
0.000718208
0.713441
0.590643
0.674626
0.687941
0.474279
0.505577
0.869457
0.0435338
0.00869888
0.00641306
0.000289601
0.0443311
0.0445182
0.0368677
0.0253008
0.0252606
0.0168298
0.0112995
0.10868
0.0419944
0.0111955
0.00673023
0.727925
0.557664
0.634749
0.64598
0.477356
0.52226
0.834512
-0.0022774
-0.00787701
0.00108778
0.000448444
0.0460381
0.0442274
0.0349767
0.0253404
0.0249942
0.0163552
0.0127416
0.0285986
-0.000408591
-0.00023046
0.0177994
0.792977
0.573833
0.622979
0.617933
0.467644
0.52691
0.79218
0.0798837
0.0342781
0.0104783
0.0013112
0.0480563
0.0441572
0.033678
0.0252018
0.024511
0.0159077
0.0112242
0.0109593
-0.000305708
-7.22288e-005
0.053331
0.775841
0.557903
0.613654
0.603615
0.454142
0.529556
0.735311
-0.0190059
-0.00499264
0.000893468
0.00232304
0.0492568
0.0452771
0.0323736
0.0246504
0.0242489
0.0155776
0.019378
0.0977096
0.0386645
0.00776632
0.0979728
0.848704
0.571376
0.638293
0.61573
0.43321
0.540922
0.688692
0.062196
0.0345074
0.00812498
0.00335666
0.0501978
0.046654
0.0310977
0.0240922
0.0239374
0.0156341
0.0267299
0.0936129
0.0371428
0.00682269
0.147169
0.827557
0.582063
0.651507
0.632731
0.415474
0.567144
0.616544
-0.028131
-0.00274807
0.000698402
0.00536414
0.0519077
0.0477518
0.0298331
0.0236514
0.0236032
0.0156014
0.0254234
0.0187996
-0.00105786
-7.00054e-005
0.222204
0.922899
0.63249
0.673829
0.642479
0.393168
0.607193
0.563016
-0.000543848
0.0137168
0.00304742
0.00810616
0.0526514
0.0482132
0.0284595
0.0232259
0.023297
0.0153731
0.0289626
0.0165608
-0.00110111
-4.27287e-005
0.266625
0.861461
0.636842
0.667044
0.635411
0.372735
0.653175
0.506687
-0.00278356
0.0139601
0.00265411
0.010883
0.0529762
0.0481003
0.0273382
0.02354
0.0230225
0.0151412
0.351254
0.96555
0.674372
0.67697
0.661899
0.941224
0.675746
0.679857
0.630313
0.350054
0.694265
0.452108
-0.00427401
0.0139252
0.00232395
0.0138181
0.0528524
0.0473241
0.026479
0.0241215
0.0225779
0.014828
0.0795584
0.0750177
0.031585
0.00411808
0.387742
0.896433
0.64762
0.69665
0.630931
0.333686
0.718911
0.377332
-0.0313639
5.87541e-005
0.000361743
0.0161965
0.05258
0.0466493
0.0256297
0.0244669
0.0220491
0.0145792
0.0377938
0.0107161
-0.00105851
1.37756e-005
0.46126
0.997884
0.683517
0.741858
0.638561
0.321581
0.724215
0.348131
-0.00551938
0.0134863
0.00175701
0.0181269
0.0519866
0.0464999
0.025334
0.0246415
0.0215102
0.0143345
0.0186613
0.00368667
-0.000421201
1.20493e-005
0.474492
0.888702
0.677729
0.761091
0.641919
0.318465
0.719996
0.274381
-0.0286411
0.000792124
0.000232829
0.020584
0.0509983
0.0469267
0.0250787
0.0245714
0.0208471
0.0140447
0.0411334
0.00759424
-0.000941136
3.4331e-005
0.519833
0.973939
0.73706
0.785651
0.637125
0.316447
0.724877
0.315756
0.0294669
0.0269377
0.00273752
0.0231586
0.0497624
0.0466698
0.0247306
0.0245263
0.0204356
0.0138168
0.106598
0.0569695
0.0245533
0.00237881
0.530785
0.858973
0.72579
0.766864
0.624123
0.311503
0.746879
0.187325
-0.0246111
0.00120054
0.000131748
0.026031
0.0487796
0.0457479
0.0250645
0.0248409
0.0200724
0.0136109
0.0412823
0.00503242
-0.000791708
4.48236e-005
0.549941
0.90603
0.75691
0.776169
0.601376
0.302268
0.783004
0.243901
0.0285728
0.0232641
0.001909
0.0289758
0.0481456
0.0447226
0.0253825
0.0252401
0.0197312
0.0133287
0.0180075
0.00156168
-0.000294082
2.02682e-005
0.583055
0.788375
0.717716
0.757853
0.57407
0.302618
0.829273
0.117427
-0.0200855
0.00136821
5.64898e-005
0.590508
0.834285
0.740206
0.767856
0.555368
0.309664
0.85375
0.125292
-0.0171347
0.00100851
6.90396e-005
0.598619
0.809702
0.735189
0.763553
0.537135
0.323095
0.875716
0.121876
0.00194783
0.00934365
0.000532136
0.0363734
0.0462533
0.0428331
0.0254507
0.0260607
0.0190135
0.0127324
0.11597
0.0474984
0.0170701
0.0010839
0.628013
0.706259
0.701736
0.742702
0.504192
0.366265
0.903959
0.0640472
-0.0155994
0.00136814
3.73307e-006
0.0388398
0.0446497
0.0417021
0.0256387
0.0260592
0.0184214
0.0123102
0.037555
0.00144698
-0.000482019
4.74396e-005
0.66084
0.7004
0.710594
0.739922
0.479326
0.420085
0.908119
0.143065
0.0306185
0.016238
0.000693596
0.0405128
0.044136
0.0403899
0.0254279
0.0259057
0.0177636
0.0117964
0.01529
0.000294617
-0.000167503
0.000133739
0.67879
0.610102
0.677076
0.712769
0.474351
0.469807
0.895167
0.0250441
-0.0114916
0.00126039
-3.95958e-006
0.0426165
0.04435
0.0387724
0.0253536
0.0255702
0.0172525
0.0113824
0.111834
0.0431787
0.0125665
0.000888517
0.0332427
0.000367056
-0.000351054
4.18043e-005
-1.36317e-006
-3.12607e-007
0.000447831
0.110915
0.04274
0.0118916
0.000541998
0.0441849
0.0445323
0.0369532
0.0253003
0.0252772
0.0168491
0.0112857
0.108844
0.0420473
0.0112545
0.00186446
0.0309841
-4.85134e-005
-0.000290799
3.87759e-005
-1.67402e-006
-2.36149e-007
0.00091234
0.0130579
-7.45134e-005
-0.000117343
0.000499375
0.045963
0.0442433
0.0350532
0.0253377
0.025008
0.0163781
0.0126671
0.0287126
-0.000395554
-0.000232791
0.00353516
0.0286754
-0.000390911
-0.000235804
3.55778e-005
-1.90071e-006
-1.6875e-007
0.00187454
0.0445264
0.0174395
0.00406405
0.00128712
0.0480275
0.0441349
0.033733
0.0252188
0.0245355
0.0159259
0.014405
0.0262163
-0.00064874
-0.000184214
0.0061636
0.0262282
-0.000647715
-0.000186729
3.2151e-005
-2.0277e-006
-1.11759e-007
0.00379984
0.0431443
0.016974
0.00358581
0.00232867
0.0492017
0.0452139
0.0324304
0.0246779
0.0242612
0.0155794
0.0174115
0.0237222
-0.000837331
-0.000141243
0.0957804
0.847038
0.57074
0.637334
0.614944
0.434087
0.540106
0.681966
0.00753222
0.0128851
0.00400606
0.00334621
0.0501441
0.0465998
0.0311531
0.0241094
0.0239545
0.0156286
0.0263312
0.0938068
0.0372156
0.00686228
0.144304
0.826173
0.580881
0.650565
0.632012
0.416381
0.565616
0.619338
-0.0279926
-0.0027923
0.000702715
0.00526526
0.0518538
0.0477061
0.0298883
0.0236689
0.0236248
0.0156088
0.0252492
0.0189039
-0.00105501
-7.13578e-005
0.219577
0.921981
0.630819
0.673536
0.64244
0.394135
0.60517
0.565634
-0.000417834
0.0136984
0.00306687
0.00797752
0.0526268
0.0482028
0.0285206
0.0232371
0.0233074
0.015384
0.0154782
0.00688166
-0.000471458
-1.57352e-005
0.263463
0.860747
0.635975
0.667104
0.635806
0.373746
0.651095
0.49626
-0.0316351
-0.00112259
0.000522062
0.0108542
0.0529797
0.0481203
0.0273753
0.0235146
0.0230351
0.015152
0.0319463
0.0145582
-0.00111169
-2.08794e-005
0.35555
0.970175
0.675133
0.678849
0.630495
0.350959
0.692684
0.494536
0.0404031
0.0323744
0.00483967
0.0135569
0.0528448
0.0473586
0.0265196
0.0241038
0.0225994
0.0148425
0.0790397
0.0752549
0.0316539
0.00414061
0.385253
0.895989
0.647514
0.695306
0.630673
0.334365
0.718231
0.379842
-0.0314022
3.7601e-005
0.000365
0.0161037
0.0526029
0.0466668
0.0256552
0.0244524
0.0220777
0.0145888
0.0376817
0.0107939
-0.00106057
1.31677e-005
0.459461
0.998204
0.682879
0.740077
0.638277
0.321917
0.724306
0.40236
0.0331635
0.03017
0.00372603
0.0178691
0.0520231
0.0464916
0.0253432
0.0246391
0.0215401
0.0143489
0.0186451
0.00371635
-0.000422406
1.18657e-005
0.472876
0.889078
0.67644
0.760143
0.641902
0.318536
0.720126
0.27655
-0.0287212
0.000779402
0.000235446
0.506109
0.982402
0.720259
0.781904
0.640905
0.317241
0.720146
0.275588
-0.0232548
0.000359009
0.000226364
0.518775
0.974774
0.73576
0.785549
0.637545
0.316556
0.724269
0.258521
-0.00435383
0.0124395
0.00128174
0.0231845
0.0497993
0.0466972
0.0247531
0.0245121
0.0204533
0.0138258
0.106424
0.0571419
0.0246414
0.00239623
0.529987
0.860176
0.725323
0.767148
0.624915
0.311883
0.745544
0.189116
-0.0247106
0.00119423
0.000133747
0.0258868
0.0488214
0.0457971
0.0250406
0.0248254
0.0200884
0.0136192
0.0413025
0.00508482
-0.000795275
4.46759e-005
0.548816
0.908109
0.75722
0.776391
0.602527
0.302589
0.781115
0.245393
0.0285556
0.0233484
0.00192624
0.0288389
0.0481735
0.0447747
0.0253771
0.0252213
0.0197443
0.0133427
0.018026
0.00158078
-0.000295619
2.02455e-005
0.581832
0.790156
0.718168
0.758052
0.575525
0.302233
0.827021
0.118825
-0.0201896
0.00136651
5.79362e-005
0.032684
0.0474326
0.04384
0.025325
0.0257147
0.0194302
0.0130417
0.114031
0.0497159
0.0188639
0.00137469
0.597695
0.81197
0.735617
0.763978
0.538818
0.321627
0.873886
0.188867
0.0296537
0.0196018
0.00124078
0.0361274
0.0463292
0.0428718
0.0254338
0.026055
0.0190366
0.0127472
0.115922
0.047598
0.0171445
0.00109583
0.626694
0.708286
0.702175
0.743145
0.505586
0.363959
0.903217
0.0650914
-0.0156981
0.00136954
4.71034e-006
0.0387534
0.044714
0.0417586
0.0256411
0.026062
0.0184516
0.0123318
0.0376298
0.00147697
-0.000485306
4.71813e-005
0.659251
0.703103
0.711307
0.740622
0.48001
0.417613
0.90837
0.0779666
0.00510455
0.00789091
0.000284023
0.0405017
0.0441506
0.0404524
0.02544
0.0259156
0.0177932
0.0118244
0.0357791
0.000868505
-0.00041509
0.000146606
0.678054
0.612226
0.677688
0.713829
0.474404
0.467828
0.896077
0.0598822
0.00691798
0.00715956
0.000204744
0.0424699
0.0443373
0.0388558
0.0253552
0.0255841
0.0172766
0.0116431
0.704327
0.600715
0.680831
0.695441
0.699037
0.587078
0.677793
0.69109
0.473981
0.503231
0.872128
0.0447769
0.00856825
0.00647439
0.00027293
0.044164
0.0445353
0.0370406
0.0253004
0.0252931
0.0168683
0.0112733
0.109009
0.0420997
0.0113136
0.00617658
0.725016
0.557891
0.637171
0.649289
0.477573
0.521367
0.838185
-0.00129967
-0.00802362
0.00109624
0.000417658
0.0458758
0.0442603
0.0351392
0.025335
0.0250208
0.0164005
0.0125963
0.0288266
-0.000382365
-0.000235134
0.0154877
0.790315
0.573847
0.624338
0.620239
0.468711
0.52674
0.793618
0.0217047
0.0111529
0.00518401
0.00116937
0.0479418
0.0441197
0.0337874
0.0252346
0.0245626
0.015946
0.0111883
0.0110597
-0.000297902
-7.394e-005
0.0499073
0.774072
0.558376
0.612845
0.60361
0.455779
0.529099
0.740373
-0.0184272
-0.00510962
0.000902465
0.0022275
0.0491989
0.0451432
0.0324871
0.0247071
0.0242746
0.0155897
0.0172545
0.0238348
-0.000830036
-0.000143077
0.0935532
0.845334
0.570158
0.636384
0.614176
0.434963
0.539322
0.693483
0.062891
0.0345339
0.00822267
0.0032312
0.0500267
0.0465538
0.0312072
0.0241268
0.0239719
0.0156239
0.0259287
0.0939998
0.0372888
0.00690208
0.141431
0.82479
0.579702
0.649616
0.631271
0.417286
0.564117
0.622129
-0.0278514
-0.00283683
0.000707036
0.00517005
0.0517969
0.0476579
0.0299427
0.0236855
0.0236455
0.015616
0.0250766
0.0190083
-0.00105207
-7.27203e-005
0.21696
0.921032
0.629135
0.673206
0.642368
0.395099
0.60316
0.590329
0.0498857
0.03372
0.00632023
0.00773787
0.0525813
0.0481998
0.0285833
0.0232491
0.0233185
0.0153944
0.0154367
0.00692406
-0.000471093
-1.62004e-005
0.260342
0.860061
0.635081
0.667181
0.636197
0.374758
0.649007
0.499022
-0.0316015
-0.00115455
0.000525929
0.318536
0.953921
0.670137
0.673535
0.633611
0.36236
0.67137
0.484642
-0.023246
-0.00145911
0.000469538
0.352659
0.968802
0.674905
0.678181
0.630654
0.351874
0.69107
0.457
-0.00416007
0.013938
0.00235217
0.0135816
0.0528548
0.0473863
0.02656
0.0240867
0.0226222
0.0148575
0.0785132
0.0754924
0.0317219
0.00416334
0.382755
0.8955
0.647424
0.693992
0.630426
0.335057
0.717509
0.382359
-0.0314394
1.62318e-005
0.000368271
0.0160091
0.0526254
0.0466841
0.0256812
0.0244374
0.0221055
0.0145984
0.0375732
0.0108721
-0.00106259
1.25529e-005
0.457621
0.9985
0.682272
0.738283
0.637986
0.32227
0.724374
0.404445
0.0332898
0.0302288
0.0037497
0.0177632
0.0520609
0.0464853
0.0253519
0.0246357
0.0215692
0.0143626
0.0186281
0.00374619
-0.000423602
1.16798e-005
0.47129
0.889452
0.67518
0.759152
0.641867
0.318614
0.720274
0.278728
-0.0288007
0.000766511
0.000238077
0.0203384
0.0511117
0.04691
0.0250936
0.0245807
0.0209052
0.014075
0.101171
0.0615191
0.0266783
0.00281187
0.517503
0.975577
0.734438
0.785414
0.637946
0.316654
0.723699
0.255484
-0.0227333
0.000479616
0.000204378
0.0395777
0.00711656
-0.000920689
3.72559e-005
5.93443e-006
-1.21787e-006
9.02037e-008
2.47359e-009
-1.38595e-009
1.52993e-010
-3.79869e-012
0.0132801
0.00214703
-0.000294345
1.34179e-005
1.69924e-006
-3.81067e-007
3.00783e-008
0.0172142
0.00259871
-0.000370075
1.80547e-005
0.040026
0.00580861
-0.000845743
4.27932e-005
4.32543e-006
-1.07161e-006
8.99127e-008
7.91478e-010
-1.16154e-009
1.43294e-010
-5.164e-012
0.040023
0.00520568
-0.000806715
4.47574e-005
3.60833e-006
-1.0005e-006
8.90048e-008
0.0171944
0.00208313
-0.000336398
1.96944e-005
0.0399153
0.00463492
-0.000767022
4.62558e-005
2.9446e-006
-9.30922e-007
8.76705e-008
0.0398796
0.00428953
-0.000741653
4.69853e-005
0.0398486
0.00409699
-0.000727022
4.73276e-005
2.3333e-006
-8.63216e-007
8.59654e-008
0.0171158
0.00162425
-0.00030202
2.05751e-005
0.0396989
0.00359265
-0.000687087
4.80131e-005
1.77353e-006
-7.97736e-007
8.39466e-008
0.594292
0.823182
0.737831
0.766007
0.639536
0.800284
0.737379
0.764386
0.540484
0.32021
0.872018
0.124203
0.00179287
0.00941267
0.000545457
0.0360968
0.0463912
0.0429088
0.0254208
0.026048
0.0190589
0.0127616
0.115868
0.0476973
0.0172192
0.00110782
0.625401
0.7103
0.702602
0.743583
0.507005
0.361679
0.902423
0.0661435
-0.015797
0.00137088
5.69726e-006
0.0386652
0.0447767
0.0418162
0.0256424
0.0260636
0.0184813
0.0123531
0.0377043
0.00150719
-0.000488602
4.69349e-005
0.657623
0.705799
0.712016
0.74131
0.480726
0.415133
0.908589
0.0788605
0.00502587
0.00792398
0.000288891
0.0404107
0.0441707
0.0405148
0.0254515
0.0259255
0.0178235
0.011849
0.0153767
0.000315056
-0.000170079
0.000108642
0.677337
0.61436
0.678307
0.714865
0.474476
0.465818
0.896833
0.0265359
-0.011667
0.00126692
-9.3901e-006
0.0424367
0.0443152
0.0389384
0.0253561
0.0255993
0.0173001
0.0114347
0.0337449
0.000382854
-0.000352566
0.000569726
0.708923
0.595417
0.677825
0.692721
0.473835
0.502002
0.873586
0.10893
0.0328783
0.013347
0.000474708
0.0440264
0.0445477
0.0371289
0.025302
0.0253082
0.0168869
0.0112635
0.109171
0.0421513
0.0113726
0.00590343
0.723594
0.558075
0.638394
0.650954
0.477654
0.52088
0.839986
-0.000803067
-0.00809743
0.00110045
0.00040211
0.0457956
0.0442741
0.0352291
0.0253325
0.0250334
0.0164227
0.0125407
0.0289407
-0.000369023
-0.000237488
0.0144362
0.788905
0.573818
0.625092
0.621457
0.469218
0.526646
0.798494
0.081304
0.0342087
0.010649
0.00117704
0.0478109
0.0441079
0.0338425
0.0252493
0.0245908
0.015967
0.0111697
0.0111098
-0.000293916
-7.4803e-005
0.0481767
0.773182
0.558601
0.612502
0.603683
0.456586
0.528895
0.742891
-0.0181317
-0.00516861
0.000906963
0.0704973
0.826655
0.566867
0.626214
0.607143
0.445383
0.532263
0.720116
-0.00721361
-0.00499752
0.000770094
0.0913083
0.84365
0.569622
0.635446
0.61343
0.435839
0.538571
0.687227
0.00802016
0.0128331
0.00405412
0.00321748
0.0499827
0.046496
0.0312613
0.0241457
0.023989
0.0156204
0.0255215
0.0941942
0.0373628
0.00694205
0.138586
0.823398
0.578554
0.648647
0.630509
0.418189
0.562648
0.624918
-0.0277073
-0.00288167
0.000711365
0.00507479
0.0517374
0.0476082
0.0299963
0.0237018
0.0236652
0.0156229
0.0249029
0.0191129
-0.00104905
-7.40928e-005
0.214347
0.920045
0.627437
0.672839
0.642262
0.396061
0.601165
0.592574
0.0501318
0.0337269
0.00635968
0.00761433
0.0525538
0.0481928
0.028648
0.0232607
0.0233292
0.0154051
0.0153943
0.00696657
-0.0004707
-1.66695e-005
0.257258
0.859388
0.63416
0.667269
0.636584
0.375771
0.646912
0.501788
-0.031566
-0.00118677
0.000529808
0.0105914
0.0529592
0.0481589
0.0274626
0.0234675
0.0230592
0.0151719
0.0643021
0.0808018
0.033365
0.00471717
0.349585
0.967401
0.674653
0.677553
0.630833
0.352797
0.689424
0.498681
0.040788
0.0324721
0.00489492
0.0133177
0.0528435
0.0474191
0.026599
0.0240698
0.0226462
0.0148721
0.0779776
0.0757302
0.0317891
0.0041862
0.380265
0.894963
0.647354
0.692708
0.63019
0.335763
0.716743
0.384883
-0.0314753
-5.3546e-006
0.000371557
0.0159128
0.052646
0.0467013
0.0257087
0.0244233
0.0221325
0.0146087
0.0374677
0.010951
-0.00106459
1.19313e-005
0.455739
0.99877
0.681697
0.736477
0.63769
0.322638
0.72442
0.354936
-0.00551745
0.0135353
0.00179308
0.017814
0.0520996
0.0464767
0.0253602
0.0246317
0.0215976
0.0143758
0.0396751
0.00929392
-0.0010136
2.40792e-005
0.469736
0.889824
0.673936
0.758119
0.641814
0.318701
0.720438
0.306463
-0.00516267
0.0130962
0.001538
0.0201057
0.0511657
0.0469032
0.0251005
0.0245857
0.0209339
0.0140901
0.514101
0.978871
0.727524
0.784176
0.66412
0.953424
0.734366
0.785345
0.6383
0.316745
0.723167
0.262331
-0.00442292
0.0124989
0.00130224
0.02294
0.0498779
0.0467515
0.0247961
0.0244993
0.0204866
0.0138424
0.106056
0.0574949
0.0248205
0.00243123
0.528321
0.862516
0.72427
0.767712
0.626449
0.312616
0.74296
0.192725
-0.024909
0.00118124
0.000137787
0.0256098
0.0489062
0.0458979
0.0249933
0.0247957
0.020119
0.0136346
0.0413403
0.00519044
-0.000802394
4.43689e-005
0.546691
0.912223
0.757766
0.776849
0.604785
0.303277
0.777402
0.185487
-0.00184587
0.0110538
0.00088796
0.0286974
0.048223
0.04488
0.0253638
0.0251814
0.0197692
0.0133701
0.0180613
0.00161932
-0.000298695
2.01963e-005
0.57928
0.793707
0.719063
0.758441
0.578393
0.301594
0.822533
0.121644
-0.0203977
0.00136286
6.08641e-005
0.0323263
0.0474941
0.0439267
0.0253236
0.0256607
0.0194617
0.0130697
0.0401859
0.00311508
-0.000644178
4.79928e-005
0.596446
0.816461
0.736485
0.76481
0.542176
0.318838
0.870113
0.191102
0.0296103
0.0197599
0.00126869
0.0358437
0.0464637
0.0429481
0.0254109
0.0260398
0.0190805
0.0127755
0.115808
0.0477964
0.0172944
0.00111988
0.624089
0.712305
0.703013
0.744017
0.508449
0.359427
0.901574
0.0672032
-0.0158961
0.00137217
6.69389e-006
0.0385745
0.0448383
0.0418765
0.0256428
0.026064
0.0185105
0.0123741
0.0377779
0.00153763
-0.000491906
4.67425e-005
0.655959
0.708485
0.712722
0.741985
0.481476
0.412647
0.908773
0.14587
0.0304954
0.0164535
0.000725088
0.0402391
0.0441968
0.0405768
0.0254637
0.025936
0.0178534
0.0118747
0.0154201
0.000325407
-0.000171374
9.64862e-005
0.676626
0.616518
0.678917
0.715877
0.47457
0.463776
0.897633
0.0272912
-0.0117551
0.00127013
0.000195614
0.693568
0.620147
0.688704
0.710138
0.472278
0.48437
0.887902
0.0388112
-0.0105257
0.00102213
0.000470737
0.707464
0.597147
0.678845
0.694281
0.473685
0.500736
0.874722
0.0460415
0.0084336
0.00653589
0.000256365
0.0440269
0.0445457
0.0372165
0.0253062
0.0253228
0.0169049
0.0112545
0.10933
0.0422037
0.0114317
0.00563445
0.722199
0.558314
0.639618
0.652624
0.477717
0.520366
0.841766
-0.000301386
-0.00817157
0.00110464
0.000386636
0.0457186
0.0442871
0.0353192
0.0253294
0.0250463
0.0164453
0.0124933
0.0290549
-0.000355527
-0.000239854
0.0134545
0.78744
0.573767
0.625894
0.622716
0.469706
0.526545
0.800564
0.0817972
0.0341831
0.0107059
0.0011326
0.0477269
0.0440884
0.0338998
0.0252631
0.0246191
0.0159879
0.011152
0.01116
-0.000289876
-7.56709e-005
0.0464482
0.772317
0.558831
0.612207
0.603806
0.457385
0.528707
0.7454
-0.0178323
-0.00522794
0.00091146
0.00212979
0.0491368
0.0450081
0.0325974
0.0247679
0.0243054
0.015622
0.018591
0.0984038
0.0389214
0.00795157
0.0891862
0.841928
0.56914
0.634519
0.612707
0.436713
0.537851
0.698375
0.063595
0.0345541
0.00832067
0.00310993
0.0498831
0.0464466
0.0313159
0.0241659
0.0240051
0.0156181
0.0251149
0.0943879
0.0374377
0.00698232
0.135783
0.82201
0.577436
0.647661
0.62973
0.419089
0.561211
0.627706
-0.0275604
-0.00292681
0.000715702
0.00497839
0.0516749
0.047558
0.0300496
0.0237184
0.023684
0.0156292
0.0247295
0.0192176
-0.00104594
-7.54755e-005
0.21173
0.919014
0.625727
0.672435
0.642122
0.39702
0.599187
0.573478
-2.95244e-005
0.0136408
0.00312581
0.00760366
0.052544
0.0481819
0.028715
0.0232716
0.0233402
0.015416
0.0283769
0.0169597
-0.00109588
-4.73436e-005
0.254224
0.858705
0.633199
0.667364
0.636967
0.376783
0.644809
0.51674
-0.002432
0.0139367
0.00271886
0.0103586
0.0529354
0.0481784
0.0275159
0.0234436
0.0230718
0.015181
0.339229
0.960065
0.672875
0.675024
0.659071
0.935484
0.674702
0.67728
0.630987
0.353728
0.687746
0.461897
-0.00404227
0.0139492
0.00238054
0.0133378
0.0528521
0.0474447
0.0266375
0.0240522
0.0226703
0.0148862
0.0774327
0.075967
0.0318557
0.0042091
0.377785
0.894375
0.647311
0.691456
0.629968
0.336483
0.715934
0.387413
-0.0315099
-2.71593e-005
0.000374857
0.0158162
0.0526652
0.046718
0.0257374
0.0244106
0.022159
0.0146195
0.0373606
0.0110305
-0.00106655
1.13027e-005
0.453815
0.999009
0.681154
0.734665
0.637388
0.323022
0.72444
0.357214
-0.00551597
0.0135515
0.00180522
0.0177181
0.052133
0.0464685
0.0253678
0.0246293
0.0216252
0.0143884
0.018591
0.00380629
-0.000425966
1.13004e-005
0.468162
0.890212
0.67271
0.757044
0.641744
0.318796
0.720617
0.283109
-0.0289576
0.00074022
0.000243383
0.0201071
0.0512175
0.0468929
0.0251078
0.0245902
0.0209625
0.0141047
0.0409594
0.007853
-0.000953547
3.29228e-005
0.515601
0.977103
0.731719
0.785035
0.638691
0.316823
0.722673
0.322793
0.0297741
0.0272568
0.00281972
0.022669
0.0499191
0.0467786
0.0248177
0.0244966
0.0205033
0.0138507
0.105861
0.0576857
0.0249111
0.00244881
0.527442
0.863646
0.723691
0.767988
0.62719
0.312966
0.741712
0.194542
-0.0250077
0.00117455
0.000139828
0.0254844
0.04895
0.045949
0.0249683
0.0247828
0.0201333
0.0136425
0.0413591
0.00524366
-0.000805947
4.42097e-005
0.545691
0.914257
0.757999
0.777085
0.605893
0.303641
0.775579
0.249906
0.0285072
0.0236001
0.00197841
0.0284278
0.0482548
0.0449325
0.0253565
0.0251612
0.0197813
0.0133845
0.0180785
0.00163876
-0.000300233
2.01697e-005
0.577974
0.795463
0.719554
0.758628
0.579805
0.301339
0.820301
0.123066
-0.0205018
0.0013609
6.23457e-005
0.587047
0.8431
0.742262
0.769195
0.561738
0.306295
0.845026
0.130614
-0.017452
0.000996595
7.43368e-005
0.595706
0.81871
0.736928
0.765216
0.543849
0.317515
0.868172
0.126564
0.00163861
0.00948265
0.000558938
0.0358077
0.0465224
0.0429863
0.0254026
0.0260307
0.0191015
0.0127889
0.115743
0.0478946
0.0173699
0.001132
0.622761
0.714306
0.703416
0.744451
0.509918
0.357203
0.900673
0.0682705
-0.0159954
0.0013734
7.70027e-006
0.038482
0.0449007
0.0419371
0.0256423
0.0260633
0.018539
0.0123956
0.0378503
0.00156831
-0.000495219
4.66842e-005
0.654262
0.711163
0.713423
0.742648
0.48226
0.410156
0.908917
0.146811
0.0304654
0.016526
0.000735752
0.0401617
0.0442157
0.0406374
0.0254756
0.0259474
0.0178828
0.0119002
0.0154633
0.000335846
-0.000172673
8.54104e-005
0.675926
0.618715
0.679516
0.716865
0.474687
0.461703
0.898405
0.0280527
-0.0118436
0.00127331
-1.2419e-005
0.0422576
0.0442823
0.0391014
0.0253562
0.0256307
0.0173455
0.0114498
0.112255
0.0433393
0.0128076
0.000910555
0.705925
0.598952
0.679841
0.695822
0.473535
0.499433
0.876127
0.110347
0.0327992
0.013477
0.000466619
0.0438923
0.0445552
0.037303
0.0253127
0.0253364
0.0169222
0.0112455
0.109486
0.0422595
0.0114908
0.00536336
0.720832
0.558607
0.640841
0.654299
0.477764
0.519822
0.843523
0.00020539
-0.00824605
0.00110883
0.00037197
0.0456424
0.0443002
0.0354085
0.0253268
0.0250594
0.0164678
0.0124457
0.0291689
-0.000341876
-0.000242232
0.0125436
0.785921
0.573696
0.62674
0.624014
0.470176
0.526435
0.800166
0.0229369
0.0109964
0.00526685
0.00102679
0.0476906
0.0440625
0.0339591
0.0252758
0.024647
0.0160083
0.0140338
0.0266726
-0.000607773
-0.000192625
0.0447328
0.771475
0.559054
0.611959
0.60398
0.458175
0.528534
0.748957
0.0148493
0.0120502
0.00466654
0.00206827
0.0490736
0.0449423
0.0326513
0.0247989
0.0243207
0.0156388
0.087383
0.833483
0.567368
0.630116
0.606671
0.810326
0.566522
0.634243
0.611951
0.437586
0.537163
0.692513
0.00852345
0.012778
0.00410233
0.0031023
0.0498594
0.0463855
0.0313734
0.0241888
0.0240205
0.0156167
0.024715
0.0945799
0.0375126
0.00702307
0.133009
0.820646
0.576318
0.646675
0.628934
0.419987
0.559804
0.630494
-0.0274105
-0.00297226
0.000720045
0.00488108
0.0516092
0.0475056
0.0301038
0.0237368
0.023702
0.0156348
0.0245562
0.0193224
-0.00104275
-7.68683e-005
0.209103
0.917939
0.624009
0.671995
0.641948
0.397976
0.597225
0.576089
0.00010393
0.0136229
0.00314554
0.00748025
0.0525124
0.0481738
0.0287823
0.023282
0.0233528
0.0154273
0.0153066
0.00705195
-0.00046983
-1.76195e-005
0.251201
0.858008
0.632207
0.667458
0.637343
0.377796
0.6427
0.507327
-0.0314888
-0.00125201
0.000537604
0.0103374
0.0529328
0.048191
0.0275711
0.0234191
0.0230842
0.0151897
0.0313973
0.0149295
-0.00111172
-2.47418e-005
0.34395
0.964663
0.674038
0.676418
0.631251
0.354661
0.686037
0.502807
0.0411737
0.0325676
0.00495052
0.0130709
0.0528434
0.0474786
0.0266747
0.0240335
0.0226937
0.0148998
0.0768791
0.0762025
0.0319219
0.00423202
0.375305
0.893745
0.647285
0.690236
0.629759
0.337214
0.715081
0.38995
-0.0315433
-4.91834e-005
0.000378171
0.0157199
0.0526827
0.0467346
0.0257675
0.0244001
0.0221851
0.0146302
0.0372509
0.0111104
-0.00106847
1.06673e-005
0.45185
0.999213
0.680644
0.732848
0.637082
0.323421
0.724434
0.410701
0.0336686
0.0304057
0.0038214
0.017474
0.0521607
0.0464611
0.0253758
0.0246279
0.0216522
0.0144005
0.018571
0.00383651
-0.000427133
1.11069e-005
0.466572
0.890615
0.671507
0.755927
0.641656
0.3189
0.720809
0.285312
-0.029035
0.000726817
0.000246058
0.501098
0.984686
0.714425
0.779278
0.641555
0.317377
0.719775
0.283826
-0.0234442
0.000306698
0.000235473
0.51444
0.977834
0.730328
0.784788
0.639035
0.316896
0.722218
0.266189
-0.00449196
0.0125573
0.0013229
0.0226886
0.0499625
0.046801
0.0248397
0.0244932
0.0205211
0.0138596
0.105659
0.057881
0.0250016
0.00246645
0.526561
0.864745
0.723072
0.768269
0.627916
0.313306
0.740495
0.196368
-0.0251063
0.00116774
0.000141881
0.0253662
0.0489974
0.0459995
0.0249419
0.0247702
0.0201467
0.013651
0.0413775
0.00529715
-0.000809494
4.40467e-005
0.544734
0.916276
0.758205
0.777325
0.606986
0.304018
0.773778
0.251443
0.0285012
0.023684
0.00199595
0.0282883
0.0482812
0.044983
0.0253492
0.025141
0.0197933
0.0133998
0.0180955
0.00165831
-0.000301772
2.01419e-005
0.576648
0.797231
0.720058
0.758804
0.581202
0.301125
0.81808
0.124496
-0.0206059
0.00135886
6.38391e-005
0.0319607
0.0475628
0.044007
0.0253393
0.0256027
0.0194903
0.0130962
0.113494
0.0500777
0.0192123
0.00142878
0.170022
0.144133
0.211936
0.215889
0.12036
0.0973576
0.101214
0.0819775
0.0452083
0.0475786
0.0381049
0.0245349
0.0267894
0.0235221
0.0305452
0.0214275
0.0181402
0.0183877
0.0127028
0.0141281
0.0155088
0.0128843
0.578065
0.172728
0.0502666
0.579188
0.169995
0.0499746
0.578498
0.594995
0.158815
0.0504469
0.0156852
0.574579
0.165261
0.0490809
0.0154245
-0.00088678
-6.49175e-005
1.89592e-005
0.0355323
0.00997091
0.00300624
0.000926231
0.571755
0.158317
0.0481391
0.0146491
-0.000912492
-5.24189e-005
1.76792e-005
0.568783
0.154103
0.0475083
0.0141531
0.566117
0.151863
0.0471545
0.0138669
-0.000930183
-4.0894e-005
2.10365e-005
0.564977
0.148339
0.0464873
0.0133818
0.563156
0.145594
0.557207
0.143641
0.556647
0.142573
0.551868
0.559807
0.136833
0.0462905
0.0126634
0.559165
0.141172
0.0450713
0.012314
-0.000944504
-2.07476e-005
0.000461007
0.557053
0.137903
0.0444076
0.0122383
0.70372
0.600788
0.680829
0.697344
0.473387
0.498094
0.877253
0.0473244
0.00829453
0.00659759
0.00024039
0.0438931
0.0445514
0.0373887
0.0253186
0.0253491
0.0169389
0.0112364
0.109643
0.0423186
0.0115499
0.00508981
0.719496
0.558943
0.642067
0.655979
0.477795
0.519249
0.845255
0.000717288
-0.00832086
0.001113
0.000358183
0.0455742
0.0443138
0.035497
0.0253245
0.0250719
0.0164901
0.0123972
0.0292829
-0.000328069
-0.000244622
0.0117037
0.784349
0.573609
0.627628
0.625349
0.470626
0.526315
0.802319
0.0233695
0.0109422
0.00529457
0.000978487
0.0476021
0.0440432
0.0340206
0.0252874
0.0246743
0.0160281
0.0111187
0.0112601
-0.000281627
-7.74215e-005
0.0429974
0.770634
0.559264
0.611758
0.604205
0.458956
0.528375
0.750397
-0.0172213
-0.00534759
0.000920452
0.00203022
0.0490682
0.0448655
0.0327069
0.0248291
0.0243352
0.0156554
0.0166362
0.0242858
-0.000799683
-0.000150524
0.0851848
0.838736
0.568291
0.632704
0.611337
0.438458
0.536503
0.703293
0.0643175
0.0345728
0.00841896
0.00301117
0.0497716
0.046333
0.0314326
0.0242147
0.0240362
0.015616
0.0243196
0.0947701
0.0375864
0.00706438
0.130247
0.819309
0.575215
0.645694
0.628122
0.420884
0.55843
0.633281
-0.0272578
-0.00301802
0.000724396
0.00478491
0.0515402
0.0474511
0.0301597
0.0237565
0.0237194
0.0156397
0.0243829
0.0194272
-0.00103948
-7.82713e-005
0.206461
0.916817
0.622285
0.671518
0.64174
0.398928
0.595282
0.599272
0.0508808
0.0337611
0.00647849
0.00724702
0.0524594
0.0481689
0.0288494
0.0232929
0.0233664
0.0154395
0.0152615
0.00709484
-0.000469352
-1.81003e-005
0.24821
0.857307
0.631201
0.667545
0.63771
0.378807
0.640586
0.5101
-0.0314472
-0.00128503
0.00054152
0.305097
0.948914
0.667235
0.673127
0.635103
0.366317
0.66349
0.495152
-0.0229611
-0.00157753
0.000482257
0.340872
0.963294
0.673682
0.675911
0.631489
0.355603
0.684297
0.466801
-0.00392104
0.0139593
0.00240939
0.0130863
0.0528655
0.047513
0.0267118
0.0240138
0.0227164
0.0149134
0.0763185
0.0764371
0.031988
0.00425496
0.372852
0.893076
0.647265
0.689044
0.629558
0.337958
0.714184
0.392493
-0.0315754
-7.1428e-005
0.000381499
0.0156236
0.0526983
0.0467516
0.0258004
0.0243891
0.0222108
0.0146414
0.0371385
0.0111905
-0.00107036
1.00248e-005
0.449843
0.999381
0.680166
0.731029
0.636773
0.323836
0.724398
0.412788
0.0337961
0.0304638
0.00384545
0.0173813
0.0521895
0.0464521
0.0253851
0.0246264
0.0216785
0.014412
0.01855
0.00386685
-0.00042829
1.09109e-005
0.464965
0.890998
0.670319
0.754772
0.64155
0.319014
0.721011
0.287525
-0.0291116
0.000713242
0.000248747
0.01987
0.0513155
0.0468692
0.0251253
0.0245981
0.0210192
0.0141332
0.100133
0.0622491
0.0270254
0.00288691
0.513071
0.978538
0.728924
0.784501
0.639359
0.316961
0.721802
0.326378
0.029926
0.0274141
0.00286127
0.0224152
0.0500134
0.0468246
0.0248605
0.024489
0.02054
0.01387
0.105449
0.058076
0.0250919
0.00248414
0.52569
0.865811
0.722413
0.768542
0.628624
0.313633
0.739309
0.198202
-0.0252045
0.0011608
0.000143949
0.0252491
0.0490467
0.0460489
0.0249141
0.0247567
0.0201592
0.01366
0.0413952
0.00535091
-0.000813036
4.38797e-005
0.54382
0.918279
0.758383
0.777571
0.608064
0.304406
0.772001
0.190249
-0.00206936
0.0111574
0.000913734
0.0282808
0.0483021
0.0450315
0.0253409
0.025122
0.0198051
0.0134156
0.0408705
0.00423077
-0.000734215
4.66992e-005
0.575295
0.798996
0.720547
0.758971
0.582585
0.300953
0.81587
0.157416
-0.00034669
0.0103746
0.000733288
0.0316857
0.0476075
0.0440477
0.0253491
0.0255722
0.019504
0.0131093
0.591762
0.831864
0.739738
0.767502
0.640171
0.808874
0.739172
0.765999
0.547165
0.315021
0.864192
0.0962129
-0.0184282
0.00138421
3.48938e-005
0.0355909
0.0466422
0.0430665
0.0253912
0.0260093
0.0191411
0.0128147
0.00902108
0.00576356
0.00379744
0.00291356
0.62023
0.71824
0.704206
0.745305
0.512922
0.352844
0.898709
0.0704273
-0.0161946
0.00137569
9.74247e-006
0.0382917
0.0450429
0.0420572
0.0256382
0.0260602
0.0185942
0.0124387
0.00881277
0.00563601
0.00382026
0.0028139
0.650696
0.716469
0.714817
0.743939
0.483928
0.405165
0.909086
0.0483199
-0.0140491
0.00133871
-1.03177e-005
0.0401634
0.0442383
0.0407572
0.025499
0.0259721
0.01794
0.0119502
0.0155491
0.000356991
-0.000175285
6.66606e-005
0.674485
0.623152
0.680718
0.718776
0.474992
0.45747
0.899889
0.0295948
-0.0120213
0.00127957
-1.43359e-005
0.0420864
0.0442449
0.0392615
0.025358
0.0256653
0.0173887
0.0114021
0.0082978
0.00523198
0.00375481
0.00292167
0.703171
0.602716
0.681772
0.698849
0.473242
0.496717
0.879158
0.0330256
-0.0099535
0.00100637
0.000104029
0.0438751
0.0445472
0.0374736
0.0253234
0.0253607
0.016955
0.0108049
0.00805647
0.00496887
0.00367029
0.00673973
0.718127
0.559309
0.643301
0.657661
0.47781
0.518646
0.846963
0.00123433
-0.008396
0.00111715
0.000345091
0.0455104
0.0443278
0.0355849
0.0253232
0.0250836
0.0165118
0.0103684
0.00790156
0.00471925
0.00358495
0.0129609
0.782578
0.573505
0.628562
0.626717
0.471057
0.526186
0.806554
0.00734612
-0.00706019
0.000890603
0.000914422
0.047547
0.0440261
0.0340825
0.0252979
0.0247008
0.0160475
0.0111043
0.0113101
-0.000277418
-7.83042e-005
0.0413007
0.769806
0.559468
0.611604
0.604483
0.459728
0.528228
0.752883
-0.0169098
-0.00540792
0.000924946
0.063402
0.821214
0.56728
0.623586
0.606001
0.44878
0.530763
0.952468
0.356303
0.305122
0.0186032
0.0774239
0.837685
0.567939
0.631813
0.610694
0.439329
0.535874
0.69614
-0.0228635
-0.00415723
0.000826113
0.00305017
0.0497795
0.0462647
0.031494
0.0242432
0.0240523
0.0156148
0.0100478
0.00758473
0.00421782
0.00352723
0.128837
0.817883
0.574147
0.644709
0.6273
0.42178
0.557086
0.636065
-0.027102
-0.00306409
0.000728754
0.00469178
0.051468
0.047394
0.0302166
0.0237769
0.0237364
0.0156442
0.010117
0.00742585
0.00412681
0.00346052
0.204935
0.915515
0.620564
0.671007
0.641498
0.399877
0.593357
0.586229
-0.0190956
-0.00273231
0.000594736
0.00733165
0.0524625
0.0481513
0.0289166
0.0233077
0.0233802
0.0154515
0.0152163
0.00713782
-0.000468846
-1.85851e-005
0.245229
0.856624
0.630165
0.667624
0.638065
0.379817
0.63847
0.512876
-0.0314035
-0.00131833
0.000545448
0.010082
0.0529036
0.0482166
0.0276799
0.0233661
0.023112
0.015208
0.00995176
0.0070326
0.00399503
0.00333462
0.338643
0.961813
0.673296
0.675445
0.631744
0.356553
0.682528
0.469005
-0.0236139
-0.00128806
0.000450702
0.0287203
0.0142134
-0.00111825
-1.69563e-005
1.53805e-005
-1.82126e-006
5.83721e-008
1.37526e-008
-2.4934e-009
1.65825e-010
7.54113e-012
0.0102177
0.004407
-0.000370102
-2.44513e-006
4.67438e-006
-5.85361e-007
2.19251e-008
0.0318659
0.0126262
-0.00110414
-1.69031e-006
0.0325
0.0122853
-0.00109881
1.35179e-006
1.27466e-005
-1.69055e-006
7.21802e-008
1.04012e-008
-2.2155e-009
1.68734e-010
3.89032e-012
0.0340868
0.0113791
-0.00108107
9.06096e-006
1.15251e-005
-1.62075e-006
7.73762e-008
0.0150921
0.00465994
-0.000459419
5.81346e-006
0.0356039
0.0105152
-0.00105881
1.59221e-005
1.03619e-005
-1.54862e-006
8.15822e-008
0.0364662
0.00998467
-0.00104268
1.98567e-005
0.0369134
0.00968665
-0.00103272
2.19711e-005
9.26022e-006
-1.47503e-006
8.4872e-008
0.0161754
0.00395202
-0.000436654
1.09324e-005
0.0379322
0.00889785
-0.00100345
2.72508e-005
8.22235e-006
-1.40078e-006
8.73236e-008
0.507376
0.98179
0.721721
0.782447
0.665726
0.955886
0.72876
0.784284
0.639635
0.317023
0.721426
0.270075
-0.00456026
0.0126146
0.00134373
0.0224343
0.0500694
0.0468432
0.0248809
0.0244844
0.0205593
0.0138816
0.105232
0.0582706
0.0251819
0.00250189
0.524805
0.866845
0.721713
0.768802
0.629315
0.313949
0.738153
0.200046
-0.0253024
0.00115373
0.000146029
0.0251313
0.0490967
0.0460973
0.0248848
0.0247418
0.0201712
0.0136687
0.0414112
0.00540494
-0.000816573
4.37088e-005
0.54295
0.920264
0.758534
0.777823
0.609128
0.304803
0.770246
0.191858
-0.00214236
0.0111918
0.000922407
0.0281428
0.0483281
0.0450799
0.025331
0.0251047
0.0198184
0.0134313
0.01813
0.00169776
-0.00030485
2.00822e-005
0.573905
0.800758
0.721021
0.759132
0.583953
0.30082
0.813675
0.127384
-0.0208141
0.00135449
6.68616e-005
0.0316027
0.0476423
0.0440883
0.0253582
0.0255439
0.0195169
0.0131222
0.0403236
0.00328255
-0.000658508
4.79057e-005
0.593571
0.825411
0.738292
0.766393
0.548834
0.313847
0.862156
0.195674
0.029527
0.0200798
0.00132543
0.0352385
0.0467127
0.0431086
0.0253891
0.0259968
0.0191599
0.0128274
0.115533
0.0481814
0.0175959
0.00116876
0.618927
0.72025
0.70459
0.745732
0.514455
0.35071
0.897647
0.0715167
-0.0162945
0.00137675
1.07784e-005
0.0381933
0.045122
0.0421166
0.0256348
0.0260599
0.0186209
0.0124598
0.0380603
0.00166174
-0.000505206
4.68298e-005
0.649027
0.719141
0.715503
0.744567
0.484814
0.402665
0.909113
0.149649
0.0304037
0.0167447
0.000768243
0.0399238
0.0442661
0.0408183
0.0255105
0.0259835
0.0179678
0.0119747
0.0155914
0.000367697
-0.000176597
5.81583e-005
0.673722
0.625382
0.681303
0.719699
0.475182
0.45531
0.9006
0.0303758
-0.0121106
0.00128266
0.000129573
0.689499
0.629978
0.691813
0.71525
0.472045
0.477327
0.891741
0.0418421
-0.0108166
0.00102923
0.000346011
0.701965
0.604715
0.6827
0.700334
0.473099
0.495303
0.879707
0.0486288
0.00815098
0.00665922
0.000228449
0.0437532
0.0445523
0.0375576
0.025327
0.0253713
0.0169705
0.0112171
0.109945
0.0424398
0.0116682
0.00453664
0.716903
0.559757
0.644528
0.659343
0.477808
0.518011
0.848648
0.00175658
-0.00847148
0.00112129
0.000332106
0.045449
0.0443413
0.0356733
0.0253215
0.0250943
0.0165329
0.0122996
0.0295106
-0.000299985
-0.000249436
0.0102362
0.781046
0.5734
0.629532
0.628117
0.471468
0.526044
0.808724
0.0839308
0.0340617
0.0109351
0.000950307
0.0473671
0.0440334
0.0341442
0.0253072
0.0247264
0.0160665
0.0110923
0.01136
-0.000273152
-7.91918e-005
0.0396072
0.76901
0.559676
0.6115
0.604814
0.460489
0.528094
0.755361
-0.0165942
-0.00546859
0.000929438
0.00193202
0.0489885
0.0447133
0.0328262
0.0248874
0.0243619
0.0156901
0.0177641
0.0990624
0.0391736
0.00814316
0.0812743
0.835508
0.567651
0.630952
0.61008
0.440199
0.535274
0.708188
0.0650431
0.0345946
0.00851769
0.00292035
0.0496726
0.0462122
0.0315554
0.0242717
0.0240689
0.0156132
0.0235451
0.0951474
0.0377309
0.00714927
0.124843
0.816634
0.573121
0.643725
0.626471
0.422674
0.555775
0.638845
-0.0269433
-0.00311047
0.00073312
0.00460359
0.0513925
0.0473352
0.0302736
0.0237975
0.0237525
0.0156484
0.0240317
0.0196372
-0.00103266
-8.1108e-005
0.201113
0.914418
0.618833
0.67046
0.641221
0.400822
0.591453
0.583904
0.000514036
0.013573
0.00320507
0.00710076
0.0524234
0.0481425
0.0289824
0.0233271
0.0233931
0.0154629
0.0277645
0.0173625
-0.00108953
-5.2109e-005
0.242278
0.85597
0.62909
0.667694
0.638406
0.380827
0.636352
0.526841
-0.00205563
0.0139042
0.00278677
0.00985072
0.052876
0.0482301
0.0277328
0.0233378
0.0231269
0.0152172
0.326518
0.954715
0.670772
0.67375
0.655592
0.929785
0.673132
0.675346
0.631971
0.35751
0.680732
0.471724
-0.00379647
0.0139681
0.00243905
0.0128273
0.0529022
0.0476024
0.0267863
0.0239703
0.0227603
0.0149422
0.0751765
0.0769106
0.0321219
0.00430088
0.367998
0.891594
0.647258
0.686693
0.629198
0.339479
0.712261
0.397596
-0.0316353
-0.000116583
0.000388199
0.0154277
0.052723
0.0467888
0.025878
0.0243637
0.0222597
0.0146635
0.0369071
0.0113518
-0.00107404
8.71881e-006
0.445711
0.999601
0.679301
0.7274
0.636147
0.324714
0.724234
0.366375
-0.00550092
0.0136122
0.00185419
0.0173444
0.0522446
0.0464522
0.0254043
0.0246212
0.0217288
0.0144333
0.0185046
0.00392799
-0.000430573
1.05113e-005
0.461711
0.891748
0.668032
0.752346
0.641286
0.319274
0.721438
0.291974
-0.0292625
0.000685568
0.000254169
0.0196372
0.0514089
0.0468359
0.0251447
0.024607
0.021074
0.0141609
0.0407635
0.00811738
-0.000965678
3.14295e-005
0.511
0.979885
0.726069
0.783808
0.63995
0.317073
0.72109
0.329987
0.0300771
0.0275695
0.00290309
0.0221586
0.0501312
0.0468633
0.0248998
0.0244812
0.0205779
0.0138938
0.105008
0.058465
0.0252714
0.00251968
0.523892
0.867847
0.720975
0.769054
0.629988
0.314252
0.737029
0.201899
-0.0254
0.00114652
0.000148124
0.0250116
0.049149
0.0461448
0.0248541
0.0247257
0.020183
0.0136769
0.0414257
0.00545924
-0.000820103
4.3534e-005
0.542124
0.92223
0.758653
0.778079
0.610176
0.305208
0.768516
0.256119
0.0284891
0.0239352
0.00204903
0.0278706
0.0483591
0.0451281
0.0253197
0.0250886
0.0198335
0.0134465
0.0181493
0.00171765
-0.000306388
2.00504e-005
0.572483
0.802526
0.721505
0.75929
0.585307
0.300725
0.811496
0.128842
-0.0209182
0.00135217
6.83907e-005
0.583009
0.851906
0.744441
0.770404
0.567911
0.303707
0.836094
0.136067
-0.0177679
0.000983368
7.97903e-005
0.592815
0.827638
0.738759
0.766771
0.550481
0.312725
0.860092
0.131384
0.00132645
0.00962418
0.000586379
0.035193
0.0467648
0.043149
0.0253873
0.0259832
0.0191782
0.0128399
0.115455
0.0482758
0.017671
0.00118114
0.617718
0.722241
0.704969
0.746159
0.516009
0.348609
0.896532
0.0726135
-0.0163946
0.00137774
1.18242e-005
0.0380924
0.0452007
0.0421748
0.0256305
0.0260621
0.0186469
0.0124806
0.0381279
0.00169334
-0.000508551
4.68965e-005
0.647253
0.721781
0.71619
0.745185
0.485734
0.400166
0.909097
0.1506
0.0303874
0.0168181
0.000779243
0.0398392
0.0442813
0.0408789
0.0255228
0.0259943
0.017995
0.0119989
0.0156335
0.000378492
-0.000177913
5.05061e-005
0.672936
0.627615
0.681886
0.720602
0.475398
0.453124
0.901282
0.0311634
-0.0122002
0.0012857
-1.54839e-005
0.0419117
0.0442067
0.0394177
0.02536
0.0256996
0.0174306
0.0115362
0.112678
0.0434942
0.0130555
0.00113419
0.183803
0.129645
0.232744
0.188565
0.10406
0.100215
0.101825
0.074799
0.0482068
0.0461456
0.0362344
0.0243602
0.0260791
0.0242448
0.0287881
0.0187683
0.0171482
0.0190685
0.0116399
0.0141693
0.0140355
0.0171548
0.548016
0.127361
0.0481376
0.545968
0.125818
0.0493366
0.523301
0.531452
0.12031
0.0430283
0.0203329
0.542788
0.122964
0.0420235
0.00954128
-0.000911965
7.58998e-006
0.000974156
0.0334857
0.00745613
0.00257251
0.0202967
0.537782
0.118773
0.0411579
0.0088412
-0.000893314
1.33738e-005
0.0286809
0.533501
0.116149
0.0405901
0.0420674
0.529798
0.114674
0.0402644
0.00816084
-0.000871308
1.84851e-005
0.0420294
0.525663
0.112069
0.0396683
0.0543776
0.522051
0.146746
0.513627
0.14827
0.512258
0.150155
0.493519
0.49643
0.105805
0.039254
0.0702103
0.513554
0.106792
0.0383354
0.00687541
-0.000819576
2.68077e-005
0.0766582
0.508097
0.104327
0.0376907
0.085941
0.833227
0.567419
0.630113
0.609498
0.441067
0.534703
0.703016
0.00956383
0.0126675
0.00419946
0.00291143
0.049658
0.0461452
0.0316166
0.0242994
0.0240849
0.0156109
0.0231596
0.0953372
0.0378018
0.0071926
0.122207
0.8153
0.572118
0.642745
0.625627
0.423568
0.554496
0.64162
-0.0267815
-0.00315716
0.000737491
0.00451632
0.0513136
0.0472746
0.0303314
0.0238197
0.0237677
0.0156521
0.0238539
0.0197427
-0.00102913
-8.25417e-005
0.198397
0.913134
0.617104
0.669881
0.64091
0.401764
0.589568
0.586504
0.000653566
0.0135558
0.00322508
0.00697113
0.0523994
0.0481297
0.0290476
0.0233517
0.0234052
0.0154737
0.0151249
0.00722421
-0.000467745
-1.95666e-005
0.23934
0.855348
0.628001
0.667761
0.638733
0.381834
0.634233
0.518434
-0.0313091
-0.00138572
0.00055334
0.00982962
0.0528709
0.0482367
0.0277855
0.0233105
0.0231412
0.0152258
0.0308434
0.0153053
-0.00111082
-2.87425e-005
0.331606
0.959206
0.672395
0.674637
0.632306
0.358468
0.678909
0.511075
0.0419441
0.0327543
0.00506649
0.0125548
0.0529078
0.0476499
0.0268234
0.0239464
0.0227817
0.0149571
0.0745926
0.0771501
0.0321917
0.00432388
0.36558
0.890809
0.647269
0.685554
0.629042
0.340256
0.711235
0.400156
-0.0316632
-0.000139496
0.00039157
0.0153275
0.0527344
0.0468112
0.0259188
0.0243496
0.022284
0.0146747
0.0367885
0.0114328
-0.00107582
8.05519e-006
0.443587
0.999648
0.678912
0.725593
0.635832
0.325178
0.724104
0.419047
0.0341968
0.0306327
0.00391807
0.0170995
0.0522639
0.0464661
0.0254134
0.0246168
0.0217529
0.0144433
0.0184804
0.00395882
-0.0004317
1.03076e-005
0.460052
0.892106
0.66694
0.751076
0.641129
0.31942
0.721659
0.294211
-0.0293368
0.000671468
0.000256902
0.495987
0.986815
0.708732
0.775905
0.641904
0.317545
0.719886
0.292189
-0.0236206
0.00025198
0.000244761
0.509765
0.980534
0.724628
0.783398
0.640217
0.317121
0.720795
0.772854
0.237443
0.202915
-0.0123208
-0.000767976
0.000245814
-2.32622e-005
1.64935e-007
2.5194e-007
-3.50399e-008
1.64024e-009
1.96643e-010
-4.51275e-011
3.61596e-012
5.57232e-014
-4.98518e-014
5.89413e-015
-1.88017e-016
-4.46249e-017
8.07428e-018
-5.35925e-019
-2.45595e-020
9.53018e-021
-9.6321e-022
1.4453e-023
9.43041e-024
-1.40897e-024
7.41902e-026
6.82511e-027
-1.76931e-027
1.52176e-028
8.1769e-031
-1.89732e-030
2.39652e-031
-9.16941e-033
-1.6141e-033
3.19912e-034
-2.30451e-035
-7.35128e-037
3.67637e-037
-3.96537e-038
8.8558e-040
3.50059e-040
-5.6407e-041
3.29339e-042
2.30772e-043
-6.90556e-044
6.35822e-045
-2.31142e-047
-7.17485e-047
9.69821e-048
-4.3025e-049
-5.75438e-050
1.26207e-050
-9.81285e-052
-1.95231e-053
1.41068e-053
-1.62373e-054
4.74018e-056
1.28706e-056
-2.24848e-057
1.44023e-058
7.52484e-060
-2.68261e-060
2.63935e-061
-3.12307e-063
-2.69409e-063
3.90683e-064
-1.96403e-065
-2.01486e-066
4.95722e-067
-4.14294e-068
-3.87663e-070
5.38223e-070
-6.61522e-071
2.36053e-072
4.67953e-073
-8.92444e-074
6.2209e-075
2.32387e-076
-1.03701e-076
1.0891e-077
-2.11128e-079
-1.00361e-079
1.56688e-080
-8.78123e-082
-6.89279e-083
1.93842e-083
-1.73598e-084
7.64821e-089
2.04085e-086
-2.68218e-087
1.12341e-088
1.67883e-089
-3.52701e-090
2.65915e-091
6.54854e-093
-3.98804e-093
4.46926e-094
-1.18101e-095
-3.70513e-096
6.25691e-097
-3.86238e-098
-2.28495e-099
7.5449e-100
-7.22496e-101
6.17882e-103
7.68621e-103
-1.08249e-103
5.18131e-105
5.92503e-106
-1.38786e-106
1.12647e-107
1.52433e-109
-1.52522e-109
1.82455e-110
-6.03136e-112
-1.35363e-112
2.48781e-113
-1.67636e-114
-7.23752e-116
2.92259e-116
-2.98844e-117
4.88671e-119
2.87298e-119
0.00788635
0.0283986
0.0247368
0.0150132
0.0193293
0.0118041
0.0173521
0.0167857
0.0322253
0.0308704
0.0361067
0.0439274
0.0507409
0.0809966
0.10769
0.135825
0.121506
0.144828
0.135934
0.143382
0.123702
0.138552
0.1475
0.134455
0.13303
0.123678
0.143079
0.129939
0.149246
0.10252
0.0977997
0.114739
0.106603
0.12302
0.0864441
0.0918544
0.0834101
0.0721792
0.0972453
0.0815088
0.0899035
0.077443
0.0739986
0.076436
0.0671488
0.0530009
0.0402071
0.0375628
0.0388937
0.0538897
0.0354164
0.0300566
0.0300337
0.0320923
0.03242
0.02307
0.0208104
0.0153173
0.0129274
0.0172183
0.0153535
0.0170155
0.00876356
0.0214887
0.0108652
0.00867786
0.00773392
0.00585546
0.00533342
0.00381206
0.0032308
0.00243093
0.00233901
0.00320396
0.00235373
0.00163316
0.00203037
0.00228051
0.00279409
0.00233941
0.00143909
0.00113549
0.000880967
0.000368968
0.000529457
0.000558522
0.000628809
0.00937605
0.777503
0.573165
0.631599
0.631011
0.47223
0.525721
0.810681
-0.00772808
-0.00702542
0.00103609
0.000738662
0.0472606
0.0440257
0.0342669
0.0253227
0.0247744
0.0161026
0.0136634
0.10264
0.0403826
0.00934943
0.0363812
0.767368
0.560065
0.611436
0.605634
0.46198
0.527858
0.760286
-0.0159506
-0.00559092
0.000938416
0.001834
0.0488974
0.0445781
0.0329528
0.0249431
0.024385
0.0157266
0.0160236
0.0247375
-0.00076742
-0.000158153
0.0776636
0.832503
0.567187
0.629282
0.608953
0.441935
0.534161
0.705637
0.00983294
0.0126387
0.00422416
0.00286293
0.0496077
0.0460835
0.0316766
0.0243264
0.0241009
0.0156081
0.0127298
0.00928518
-0.000407436
-4.60897e-005
0.119708
0.814032
0.57113
0.641746
0.624769
0.42446
0.553249
0.644393
-0.0266167
-0.00320417
0.00074187
0.00442898
0.0512313
0.0472123
0.0303905
0.0238423
0.0237818
0.015655
0.0236741
0.0198496
-0.0010255
-8.39857e-005
0.19565
0.911792
0.615375
0.669269
0.640564
0.402703
0.587703
0.608116
0.0518845
0.0338235
0.00663868
0.00673622
0.0523525
0.0481189
0.0291116
0.0233775
0.0234162
0.0154839
0.0447382
0.0868865
0.0350739
0.00557801
0.236243
0.854723
0.626912
0.667815
0.639045
0.382841
0.632116
0.521217
-0.0312585
-0.00141982
0.000557303
0.00970678
0.0528557
0.0482437
0.0278372
0.0232842
0.0231547
0.0152339
0.0307038
0.0153999
-0.00111045
-2.97646e-005
0.328412
0.957864
0.67189
0.674297
0.632611
0.359434
0.67706
0.513153
0.0421378
0.0327984
0.00509604
0.0124212
0.0529223
0.0476926
0.026862
0.023921
0.0228033
0.0149732
0.0168893
0.00549318
-0.00046871
-1.77702e-006
0.363404
0.890046
0.647278
0.684445
0.628903
0.341045
0.710167
0.402722
-0.0316898
-0.000162633
0.000394955
0.415951
0.996321
0.676351
0.705583
0.632298
0.331928
0.719644
0.393997
-0.0245243
-0.000545699
0.00036139
0.441376
0.999655
0.678556
0.723796
0.635517
0.325657
0.72394
0.370984
-0.00547843
0.0136398
0.0018789
0.0171596
0.0522892
0.0464802
0.0254223
0.0246111
0.0217761
0.0144532
0.093202
0.0671058
0.0291453
0.00339557
0.45813
0.892461
0.665889
0.749768
0.640958
0.319577
0.721883
0.296456
-0.0294103
0.00065719
0.000259649
0.019432
0.0515032
0.0467927
0.0251619
0.0246161
0.0211309
0.0141866
0.0406554
0.00825119
-0.000971632
3.06501e-005
0.5086
0.981165
0.723178
0.782944
0.640465
0.317165
0.72054
0.333636
0.0302255
0.0277267
0.00294517
0.0218981
0.0502644
0.0468942
0.0249353
0.0244864
0.0206132
0.0139174
0.0188727
0.00275709
-0.000375703
1.69313e-005
0.522233
0.869766
0.719376
0.769531
0.631281
0.314819
0.734876
0.205635
-0.0255944
0.00113172
0.000152354
0.0247656
0.0492521
0.0462364
0.0247897
0.0246967
0.0202094
0.0136922
0.0414506
0.00556866
-0.000827146
4.31723e-005
0.540607
0.9261
0.758795
0.778608
0.612227
0.306032
0.765127
0.259257
0.0284868
0.0241026
0.0020848
0.0275853
0.0484088
0.0452177
0.0252941
0.0250538
0.0198679
0.0134757
0.110727
0.0526962
0.0215612
0.00182091
0.569386
0.806053
0.722474
0.759599
0.587969
0.300644
0.80719
0.131784
-0.0211263
0.00134725
7.1485e-005
0.0311053
0.0477483
0.0442163
0.025378
0.0254794
0.0195532
0.0131579
0.0404224
0.00341089
-0.000669285
4.78121e-005
0.591323
0.83207
0.739716
0.767502
0.553749
0.310634
0.855886
0.133832
0.00116597
0.00969807
0.00060034
0.604848
0.74715
0.709279
0.751307
0.537354
0.324875
0.87745
0.110015
-0.0161772
0.00103671
5.40728e-005
0.615586
0.726182
0.705723
0.747004
0.519168
0.344512
0.894144
0.0748302
-0.0165952
0.00137955
1.39459e-005
0.037884
0.045355
0.0422864
0.0256193
0.0260685
0.0186983
0.0125211
0.636538
0.737256
0.720199
0.748707
0.65586
0.266956
0.0858216
0.041916
0.0138399
-0.000702476
-7.0493e-005
1.75239e-005
-1.47316e-006
-1.25717e-008
1.89789e-008
-2.34559e-009
8.49347e-011
1.64301e-011
-3.15759e-012
2.21595e-013
8.02627e-015
-3.66089e-015
3.86564e-016
-7.7276e-018
-3.5315e-018
