0
0
0
0
0
0
0
0
0
0
0
0
0
0
0
0
0
0
0
0
0
0
0
0
0
0
0
0
0
0
0
0
0
0
0
0
0
0
0
0
0
0
0
0
0
0
0
0
0
0
0
0
0
0
0
0
0
0
0
0
0
0
0
0
0
0
0
0
0
0
0
0
0
0
0
0
0
0
0
0
0
0
0
0
0
0
0
0
0
0
0
0
0
0
0
0
0
0
0
0
0
0
0
0
0
0
0
0
0
0
0
0
0
9.83957e-007
1.45137e-005
1.44687e-005
1.43759e-005
1.43512e-005
1.42751e-005
2.09202e-005
7.97382e-005
7.89916e-005
7.79165e-005
7.7776e-005
7.80712e-005
9.34494e-005
0.000196782
0.000193462
0.000192781
0.000192994
0.000194237
0.000217006
0.000362323
0.000359107
0.000358113
0.000361281
0.000359888
0.000391085
0.000581133
0.000578504
0.000578926
0.00057637
0.000573984
0.000623503
0.000854639
0.000849417
0.000844374
0.000841056
0.000841492
0.000911954
0.00117949
0.00116258
0.00115941
0.00116241
0.00116919
0.001245
0.00154158
0.00153218
0.0015308
0.0015411
0.0015397
0.00162093
0.00196406
0.00195731
0.00196661
0.00195901
0.00194566
0.00207303
0.00245049
0.00244081
0.0024284
0.00241998
0.00242167
0.00257579
0.00298784
0.00295023
0.00294032
0.00294452
0.00296651
0.00313074
0.00353485
0.00351991
0.00352109
0.00354195
0.00353733
0.00370113
0.00416453
0.00414553
0.00417531
0.00416422
0.00413283
0.0043623
0.00486684
0.00485856
0.00483192
0.00481251
0.00482193
0.00509503
0.00561397
0.00556046
0.00553444
0.00553999
0.00557517
0.00587729
0.00635401
0.00631381
0.00632817
0.00636448
0.00635833
0.00601944
0.00551338
0.0055489
0.00558218
0.00557765
0.00553598
0.00524506
0.00479685
0.00486207
0.00483967
0.00480788
0.00482129
0.00454689
0.00414806
0.00415127
0.00414115
0.00414238
0.00415984
0.00389442
0.00349808
0.0035136
0.00351823
0.00354348
0.00354206
0.00325389
0.00291919
0.00294924
0.00296707
0.00296023
0.00294484
0.00269301
0.0024026
0.00244283
0.00243642
0.00241897
0.00242088
0.00219187
0.00194863
0.0019575
0.00194847
0.00195343
0.00195958
0.0017436
0.00151741
0.00152886
0.00153086
0.00153824
0.00154314
0.00133413
0.00114372
0.00116258
0.00117048
0.0011683
0.00116049
0.000985603
0.000830128
0.000849046
0.000847437
0.000842245
0.000842628
0.000689079
0.000569682
0.000577708
0.00057404
0.000575245
0.000577477
0.000448993
0.000350625
0.000358178
0.000358527
0.000360053
0.000361096
0.000257912
0.000185877
0.000192849
0.00019433
0.000194097
0.000192901
0.000120918
7.36628e-005
7.88774e-005
7.85723e-005
7.81543e-005
7.81196e-005
3.64341e-005
1.20263e-005
1.4517e-005
1.43693e-005
1.43418e-005
1.44132e-005
4.33242e-006
-5.26875e-007
1.82631e-008
3.79768e-009
-7.1375e-010
4.91045e-011
9.0695e-006
1.48545e-005
1.42803e-005
1.43625e-005
1.44045e-005
1.4324e-005
5.66264e-005
8.04093e-005
7.84598e-005
7.84169e-005
7.78606e-005
7.79444e-005
0.000157521
0.000198544
0.000193711
0.000192656
0.000192815
0.000192885
0.000313929
0.000365837
0.000357057
0.000358034
0.000359572
0.000360897
0.000517011
0.000581507
0.000574666
0.000577404
0.000578697
0.000576461
0.000771035
0.000850623
0.000847234
0.000848411
0.00084269
0.000841206
0.00108283
0.00117987
0.00116642
0.00115933
0.00116091
0.00116148
0.00145573
0.0015517
0.00152588
0.00152884
0.00153303
0.0015433
0.00186885
0.00195845
0.00195097
0.00195952
0.00196525
0.00195551
0.00232279
0.00243644
0.00243185
0.00244119
0.0024262
0.00241926
0.0028412
0.00298195
0.00296293
0.00294007
0.00294404
0.00294769
0.00343778
0.00355395
0.0035138
0.00351573
0.00351972
0.00354549
0.00406098
0.00415092
0.0041373
0.0041581
0.00417591
0.00415528
0.00470371
0.00484131
0.0048394
0.00485345
0.00483159
0.00481262
0.00543243
0.00559172
0.00558725
0.00554594
0.00553444
0.00554944
0.00625707
0.00637981
0.00631081
0.00632151
0.00632606
0.00636271
0.00567261
0.00551951
0.00554344
0.00555338
0.00559602
0.00556883
0.00489183
0.00480204
0.00484042
0.00485904
0.00482969
0.00481594
0.00421519
0.00414412
0.00417794
0.00415149
0.00413703
0.00414081
0.00360567
0.00352837
0.00351818
0.00351578
0.00352408
0.00354512
0.0030104
0.00293208
0.0029459
0.00294831
0.00296883
0.00296196
0.00246052
0.0024091
0.00243131
0.00244527
0.00243134
0.00241866
0.00198768
0.00194949
0.00196664
0.00195641
0.00194874
0.00195112
0.00156654
0.00153449
0.00153335
0.00152794
0.00153172
0.00154265
0.00119008
0.00115355
0.00116242
0.00116255
0.00116992
0.00116719
0.000858134
0.000837052
0.000843883
0.000850781
0.000846915
0.000840776
0.000586929
0.000572857
0.000580164
0.000576479
0.000574369
0.000574968
0.000368473
0.000357424
0.000359854
0.000357788
0.000358191
0.000360228
0.000199556
0.000190356
0.000192891
0.000193075
0.000194259
0.000193223
8.07564e-005
7.64805e-005
7.83037e-005
7.87675e-005
7.86324e-005
7.73473e-005
1.53972e-005
1.35375e-005
1.45972e-005
1.44253e-005
1.43165e-005
1.41105e-005
8.35555e-008
-1.7672e-007
2.22348e-008
-8.42634e-010
-1.5082e-010
3.78298e-007
7.65699e-005
7.93108e-005
7.77377e-005
7.79429e-005
7.85335e-005
8.24925e-005
0.000354505
0.000361869
0.000358084
0.000360811
0.000360002
0.000369071
0.000839768
0.000848326
0.000848228
0.000846824
0.000840208
0.000862221
0.0015353
0.00155014
0.0015341
0.00152752
0.00153137
0.00157377
0.00244078
0.00243915
0.00241665
0.00242072
0.00243671
0.00249177
0.00352731
0.00352461
0.00352052
0.00354421
0.00353843
0.00358637
0.00483617
0.00483477
0.00484821
0.00484837
0.00480951
0.00491981
0.00635259
0.00638909
0.00634697
0.00630313
0.00632194
0.00649604
0.00811836
0.00806336
0.00802037
0.00802772
0.00806266
0.00800772
0.00714842
0.00713467
0.00714861
0.00720093
0.00719956
0.00705324
0.00629997
0.00632481
0.00636821
0.00635693
0.00631687
0.00621945
0.00552932
0.00558175
0.00557712
0.00553348
0.005539
0.00545914
0.00484031
0.00483023
0.00481116
0.00482291
0.00483962
0.00474611
0.00413462
0.00413554
0.00414315
0.00416354
0.00417813
0.00403867
0.00349319
0.00351802
0.00354486
0.00354086
0.00351431
0.00340741
0.00292899
0.00296256
0.00296251
0.00294284
0.00294395
0.00283819
0.00242737
0.00243128
0.00241865
0.00242282
0.00243295
0.00233381
0.00193885
0.00194823
0.0019531
0.00195962
0.00196638
0.00185429
0.00151264
0.00152773
0.00154085
0.00154176
0.00153104
0.00143145
0.00114881
0.00116838
0.0011673
0.00116074
0.00116155
0.0010704
0.000836917
0.000846712
0.000841416
0.000842075
0.000845134
0.000767176
0.00056657
0.000573233
0.000575965
0.000577433
0.000579452
0.000507238
0.000349215
0.000357914
0.000360292
0.000361392
0.000358911
0.000301349
0.000185917
0.000193995
0.000194031
0.00019267
0.000192851
0.000150152
7.39141e-005
7.83078e-005
7.82086e-005
7.80965e-005
7.81831e-005
5.31446e-005
1.17619e-005
1.42458e-005
1.4415e-005
1.4416e-005
1.4487e-005
8.05412e-006
-6.14568e-007
-1.39903e-008
9.06659e-009
-1.02662e-009
2.82364e-011
8.36535e-012
-1.43116e-012
8.9633e-014
5.05725e-015
-1.71868e-015
1.66318e-016
-1.63579e-018
-1.74132e-018
2.48015e-019
-1.2103e-020
-1.32706e-021
3.16704e-022
-2.59999e-023
-3.09197e-025
3.46432e-025
-4.18776e-026
1.42717e-027
3.05062e-028
-5.68655e-029
3.88287e-030
1.58718e-031
-6.65227e-032
6.87293e-033
-1.2053e-034
-6.5004e-035
9.95792e-036
-5.43699e-037
-4.56935e-038
1.23982e-038
-1.09143e-039
-2.4344e-042
1.31573e-041
-1.69997e-042
6.85875e-044
1.0984e-044
-2.24981e-045
1.66387e-046
4.60223e-048
-2.56168e-048
2.82423e-049
-6.97441e-051
-2.40556e-051
3.98075e-052
-2.40052e-053
-1.52834e-054
4.83143e-055
-4.54991e-056
2.94973e-058
4.96406e-058
-6.86875e-059
3.18547e-060
3.89394e-061
-8.8626e-062
7.06368e-063
1.14389e-064
-9.81113e-065
1.15445e-065
-3.62731e-067
-8.81299e-068
1.5845e-068
-1.04514e-069
-4.9058e-071
1.87381e-071
-1.8848e-072
2.72285e-074
1.85917e-074
-2.76285e-075
1.44308e-076
1.35373e-077
-3.47588e-078
2.97438e-079
1.80581e-081
-3.73571e-081
4.69558e-082
-1.77514e-083
-3.19075e-084
6.27993e-085
-4.49765e-086
-1.47742e-087
7.23116e-088
-7.76259e-089
1.69324e-090
6.90576e-091
-1.10644e-091
6.4139e-093
4.58732e-094
-1.35709e-094
1.24338e-095
-3.73601e-098
-1.41338e-097
1.90085e-098
-8.34924e-100
-1.13885e-100
2.47826e-101
-1.91643e-102
-3.97105e-104
9.32531e-006
1.48233e-005
1.433e-005
1.43977e-005
1.4333e-005
1.42777e-005
5.81734e-005
8.06482e-005
7.8415e-005
7.80668e-005
7.79293e-005
7.78828e-005
0.000161151
0.000198596
0.00019288
0.000192541
0.000192962
0.000194196
0.000316323
0.000363532
0.000357832
0.000358423
0.000360785
0.000360057
0.000519574
0.000581832
0.000574852
0.000579691
0.000577279
0.000573518
0.00077667
0.000854585
0.000849188
0.000844125
0.000841448
0.000842789
0.00109365
0.00117958
0.00116301
0.00115837
0.00115985
0.00116774
0.00146451
0.00154233
0.00152709
0.00153216
0.00154113
0.00153797
0.00186609
0.00196374
0.00195149
0.00196516
0.00196165
0.00194781
0.00233103
0.00244133
0.00244424
0.00243163
0.00241616
0.00242377
0.00286299
0.00298198
0.00295026
0.00294098
0.00294407
0.00295631
0.00345206
0.00354013
0.00351063
0.00351718
0.00354418
0.00353892
0.00404504
0.00415814
0.00414674
0.00417459
0.00416234
0.00414203
0.00471945
0.0048385
0.00485876
0.00484443
0.00480849
0.00481514
0.00546605
0.00560782
0.0055597
0.0055325
0.00554766
0.00556724
0.00626727
0.00635948
0.00630735
0.00631851
0.0063571
0.0063684
0.00563569
0.0055179
0.0055528
0.00558795
0.00557664
0.00553951
0.00489563
0.00480515
0.00485338
0.00484716
0.00481149
0.00481675
0.00421314
0.00416468
0.00416256
0.00413118
0.00414422
0.00416134
0.00359986
0.00351504
0.00351689
0.00351891
0.0035354
0.00354467
0.00299537
0.00292967
0.00294489
0.00296712
0.00296521
0.0029445
0.002458
0.0024162
0.0024423
0.00243539
0.00242136
0.00242272
0.0019819
0.00195681
0.00196395
0.0019467
0.00194941
0.00195794
0.00156778
0.00152927
0.00152807
0.00153223
0.00153778
0.00154124
0.00118183
0.00115364
0.00116184
0.00116727
0.00117093
0.00116191
0.000854479
0.000837957
0.000849472
0.000848216
0.000841646
0.000842328
0.000585073
0.000574711
0.000578991
0.000574477
0.000574913
0.000574897
0.000368347
0.000356849
0.000358123
0.000358568
0.000360145
0.000360247
0.000197188
0.000190219
0.000193157
0.000193706
0.000194257
0.000192083
7.97783e-005
7.6468e-005
7.87701e-005
7.86762e-005
7.80009e-005
7.7008e-005
1.50385e-005
1.36563e-005
1.45744e-005
1.43535e-005
1.43816e-005
1.3988e-005
-4.57978e-010
-1.64383e-007
2.16021e-008
-9.04621e-010
-1.35234e-010
2.84073e-011
-2.14153e-012
-5.27705e-014
3.21217e-014
-3.59947e-015
9.50853e-017
1.7243e-007
1.41283e-005
1.4497e-005
1.43329e-005
1.44065e-005
1.43018e-005
1.61886e-005
7.78135e-005
7.92522e-005
7.83852e-005
7.7864e-005
7.7922e-005
8.27663e-005
0.000194637
0.000195017
0.000192678
0.000192708
0.000192905
0.000203191
0.000361171
0.000359357
0.00035756
0.000359669
0.000361252
0.000371831
0.000576685
0.00057715
0.000576565
0.000578788
0.00057624
0.000593894
0.000845921
0.000849174
0.000847909
0.000843004
0.000840819
0.000871266
0.00117508
0.00116952
0.00115946
0.00116088
0.00116176
0.00120756
0.00154618
0.00153157
0.00152902
0.00153267
0.00154459
0.00158329
0.00195574
0.00195458
0.00195776
0.00196605
0.00195546
0.00201046
0.00243418
0.00243491
0.00243952
0.00242708
0.00241796
0.00249809
0.00298077
0.00296594
0.00294287
0.00294319
0.00294873
0.00306461
0.00355169
0.00352062
0.00351647
0.00351951
0.0035461
0.0036475
0.00415321
0.0041412
0.00415536
0.00417721
0.00415653
0.00426377
0.00484523
0.0048425
0.00484927
0.00483399
0.00481143
0.00497568
0.00559939
0.00558933
0.00554935
0.00553419
0.00554819
0.0057732
0.00638637
0.00631756
0.00632271
0.00632579
0.006365
0.00616191
0.00550929
0.00553975
0.00555145
0.005593
0.00557101
0.00533628
0.00478991
0.00483696
0.00485612
0.00483243
0.00481336
0.00461961
0.0041358
0.00417105
0.00415495
0.00413745
0.0041398
0.00397399
0.00351925
0.00351718
0.0035167
0.00352395
0.00354463
0.00334635
0.00291982
0.00294397
0.00294818
0.00296611
0.00296367
0.00275999
0.00239859
0.00242929
0.00244401
0.00243301
0.00241752
0.002249
0.0019403
0.00196448
0.00195718
0.00194996
0.0019517
0.00179505
0.00152607
0.00153183
0.00152921
0.00153124
0.00154215
0.00138804
0.00114385
0.00116114
0.00116306
0.00116937
0.00116811
0.00102693
0.000828831
0.000842813
0.000850179
0.000846968
0.000841309
0.000722757
0.000566181
0.000579652
0.000576739
0.000574609
0.000575642
0.000474818
0.000352084
0.000359184
0.000358118
0.000358145
0.000360671
0.000279251
0.000185798
0.000192571
0.000193207
0.000194213
0.000193897
0.000135004
7.33558e-005
7.81601e-005
7.873e-005
7.8576e-005
7.79951e-005
4.41255e-005
1.17196e-005
1.45049e-005
1.44577e-005
1.43395e-005
1.43986e-005
6.00866e-006
-5.90241e-007
6.87236e-009
6.03951e-009
-8.74306e-010
4.383e-011
7.42424e-006
1.4904e-005
1.42949e-005
1.42851e-005
1.44032e-005
1.43963e-005
4.92198e-005
8.05128e-005
7.80138e-005
7.84398e-005
7.83432e-005
7.79363e-005
0.000143918
0.000197681
0.000194499
0.000193766
0.000192503
0.000192715
0.000293295
0.000368004
0.000359222
0.000357476
0.000358531
0.000359453
0.000496402
0.000584801
0.000573526
0.000574344
0.000577802
0.000579074
0.000744838
0.000851082
0.000842718
0.000848492
0.000847022
0.000841479
0.00104863
0.00117418
0.00116902
0.00116704
0.00115984
0.00116008
0.00140887
0.0015581
0.00153613
0.00152624
0.00153045
0.00153637
0.00183493
0.00197107
0.00194751
0.00195054
0.0019588
0.00196439
0.00228526
0.00243461
0.00241979
0.0024394
0.00243779
0.00242258
0.00279163
0.00296785
0.00296663
0.0029582
0.00294326
0.00294477
0.00336224
0.00356499
0.0035373
0.00350939
0.00351447
0.00352802
0.00401973
0.00417973
0.00413106
0.00414558
0.00415948
0.00416937
0.00466855
0.00483557
0.00481757
0.0048442
0.00485627
0.00482487
0.00536732
0.00556963
0.00558539
0.00557775
0.00553733
0.00554531
0.00615445
0.00639122
0.00635411
0.00631422
0.00631771
0.00632372
0.0057477
0.00554928
0.00553161
0.00554335
0.00556911
0.00558815
0.00496984
0.00478984
0.00482249
0.00484117
0.00485276
0.00483257
0.00425765
0.00411997
0.00417156
0.00417494
0.00414437
0.00413955
0.00363094
0.00352593
0.00353928
0.00351483
0.00351982
0.00352152
0.00305547
0.0029481
0.00293939
0.00294246
0.00295223
0.00297038
0.00250731
0.00240321
0.0024252
0.00243379
0.00244136
0.00242925
0.00201403
0.00193923
0.00196116
0.00196765
0.00195435
0.00194863
0.00158432
0.00153122
0.00154215
0.00152879
0.00153077
0.00153317
0.0012127
0.0011584
0.0011612
0.00116058
0.00116189
0.00117075
0.000880462
0.000833638
0.000842888
0.000846224
0.000849776
0.00084539
0.000600147
0.000569693
0.000578106
0.000579375
0.000576575
0.000574455
0.000377541
0.000355733
0.000361905
0.000358664
0.000357975
0.000358935
0.00020766
0.000190443
0.000192866
0.000192835
0.000193019
0.000194161
8.6517e-005
7.57018e-005
7.82698e-005
7.82777e-005
7.89002e-005
7.8428e-005
1.80163e-005
1.31983e-005
1.45282e-005
1.45041e-005
1.44141e-005
1.4337e-005
6.13994e-007
-2.44881e-007
2.49508e-008
-3.97755e-010
-2.41213e-010
3.63691e-011
-1.94103e-012
-1.72758e-013
4.55275e-014
-3.94943e-015
-1.66153e-017
4.86361e-017
-6.1944e-018
2.41765e-019
4.10952e-020
-8.24274e-021
5.99573e-022
1.81788e-023
-9.44051e-024
1.02648e-024
-2.382e-026
-8.94394e-027
1.45523e-027
-8.59899e-029
-5.81898e-030
1.77591e-030
-1.64877e-031
7.73372e-034
1.83767e-033
-2.50531e-034
1.13001e-035
1.46212e-036
-3.25006e-037
2.55019e-038
4.72262e-040
-3.61999e-040
4.20048e-041
-1.26078e-042
-3.28418e-043
5.7977e-044
-3.75419e-045
-1.88698e-046
6.89478e-047
-6.83893e-048
8.75382e-050
6.89386e-050
-1.00868e-050
5.14353e-052
5.10649e-053
-1.27587e-053
1.07562e-054
8.75236e-057
-1.38013e-056
1.71028e-057
-6.2366e-059
-1.19226e-059
2.29994e-060
-1.61934e-061
-5.77695e-063
2.66364e-063
-2.82002e-064
5.71978e-066
2.56543e-066
-4.04323e-067
2.29456e-068
1.74105e-069
-4.98625e-070
4.50313e-071
-5.1417e-074
-5.22902e-073
6.93038e-074
-2.9548e-075
-4.26948e-076
9.08469e-077
-6.91373e-078
-1.6021e-079
1.02368e-079
-1.15647e-080
3.15329e-082
9.45959e-083
-1.61369e-083
1.00744e-084
5.74444e-086
-1.93966e-086
1.87267e-087
-1.78897e-089
-1.96759e-089
2.79545e-090
-1.35839e-091
-1.50334e-092
3.57283e-093
-2.92577e-094
-3.58471e-096
3.91225e-096
-4.71829e-097
1.59733e-098
3.45107e-099
-6.4128e-100
4.36602e-101
1.80663e-102
-7.50886e-103
7.74021e-104
-1.33721e-105
-7.34719e-106
1.12256e-106
-6.10646e-108
-5.18082e-109
1.3989e-109
-1.22851e-110
-3.13606e-113
1.48617e-112
-1.91565e-113
7.68758e-115
1.24319e-115
-2.53752e-116
1.87156e-117
5.2576e-119
-2.89208e-119
3.18122e-120
-7.77845e-122
-2.71981e-122
4.4882e-123
-2.69757e-124
-1.73493e-125
5.45223e-126
-5.12254e-127
3.17108e-129
5.60851e-129
-7.74146e-130
3.57404e-131
4.4099e-132
-9.99752e-133
7.94786e-134
1.31714e-135
-1.10787e-135
1.3006e-136
-4.05661e-138
-9.96809e-139
1.78675e-139
-1.17499e-140
-5.57862e-142
2.11494e-142
-2.12247e-143
3.00908e-145
2.10111e-145
-3.11437e-146
1.62035e-147
1.53429e-148
-3.92161e-149
3.34759e-150
2.1451e-152
-4.21926e-152
5.29097e-153
-1.98861e-154
-3.61058e-155
2.89315e-006
1.48961e-005
1.4399e-005
1.42663e-005
1.43135e-005
1.43562e-005
3.01134e-005
8.04575e-005
7.81017e-005
7.78658e-005
7.83407e-005
7.86011e-005
0.000108382
0.000196923
0.000193442
0.000194081
0.000193971
0.000192617
0.000241371
0.000364922
0.000361106
0.000360003
0.000357914
0.000358023
0.000427451
0.000588691
0.000577714
0.00057351
0.000574716
0.000577172
0.00067072
0.000855228
0.000842216
0.000842049
0.000845471
0.000848544
0.000955283
0.00117173
0.00116035
0.00116816
0.00116871
0.00116078
0.00129598
0.00154818
0.00154227
0.00153707
0.00152969
0.00153006
0.00169925
0.00198389
0.0019624
0.00194679
0.00194887
0.00195606
0.00216587
0.0024507
0.00241682
0.00242354
0.00243086
0.00243928
0.00265345
0.0029624
0.0029447
0.00295778
0.00296705
0.00294788
0.0031931
0.00354326
0.00354542
0.00353854
0.00351525
0.00351865
0.00381838
0.00420061
0.00416389
0.00413945
0.00414049
0.00414292
0.00451458
0.0048713
0.00480873
0.00481611
0.00483849
0.00485721
0.00519989
0.00556474
0.00554669
0.00556773
0.00558128
0.00556127
0.00593293
0.00634894
0.00636305
0.00636593
0.00632614
0.00631295
0.00590329
0.00555403
0.00557425
0.00554079
0.0055467
0.00554986
0.00516852
0.0048187
0.00480886
0.00481537
0.0048282
0.0048602
0.00444463
0.00410337
0.00414651
0.00416187
0.00417406
0.00415601
0.00376977
0.00349337
0.00353482
0.00354624
0.00352551
0.00351448
0.00316548
0.00294467
0.00296542
0.00294301
0.00294546
0.00294978
0.00263051
0.00241548
0.00242115
0.00242178
0.00242372
0.00244194
0.00212864
0.00192858
0.00195038
0.0019593
0.00196714
0.00195783
0.00167034
0.00151599
0.00153852
0.00154174
0.00153552
0.00152916
0.00128029
0.00115395
0.00117118
0.00116206
0.00115951
0.00116256
0.000944691
0.000836405
0.000842161
0.000843168
0.000843384
0.000848221
0.000655545
0.000564678
0.000575124
0.000576084
0.00058016
0.000577539
0.000416998
0.000350982
0.000360504
0.000361509
0.000359476
0.000358324
0.000236432
0.000187867
0.000194601
0.000193248
0.000192556
0.000192785
0.000106373
7.48422e-005
7.82956e-005
7.80591e-005
7.82627e-005
7.86453e-005
2.84591e-005
1.23303e-005
1.447e-005
1.43739e-005
1.44947e-005
1.44452e-005
2.75824e-006
-4.35458e-007
2.47682e-008
1.86779e-009
-5.36714e-010
4.85448e-011
-6.50029e-014
-5.62442e-013
7.46584e-014
-3.19321e-015
-4.58605e-016
9.78103e-017
-7.45624e-018
-1.70839e-019
1.10145e-019
-1.24615e-020
3.4167e-022
1.01683e-022
-1.73779e-023
1.08712e-024
6.15724e-026
-2.0876e-026
2.01849e-027
-1.96461e-029
-2.11603e-029
3.01113e-030
-1.46716e-031
-1.61413e-032
3.84631e-033
-3.15476e-034
-3.79284e-036
4.20893e-036
-5.08359e-037
1.72831e-038
3.70866e-039
-6.90528e-040
4.71006e-041
1.93388e-042
-8.0807e-043
8.34183e-044
-1.45502e-045
-7.90004e-046
1.20905e-046
-6.59251e-048
-5.55954e-049
1.50582e-049
-1.32445e-050
-3.10873e-053
1.59865e-052
-2.06375e-053
8.3103e-055
1.33557e-055
-2.73213e-056
2.01859e-057
5.61497e-059
-3.11196e-059
3.42807e-060
-8.4353e-062
-2.92386e-062
4.83353e-063
-2.91127e-064
-1.86035e-065
5.86836e-066
-5.52174e-067
3.52124e-069
6.03204e-069
-8.33908e-070
3.86104e-071
4.73576e-072
-1.07632e-072
8.57055e-074
1.39965e-075
-1.19195e-075
1.40136e-076
-4.39145e-078
-1.07133e-078
1.92404e-079
-1.26771e-080
-5.97528e-082
2.27612e-082
-2.28756e-083
3.28239e-085
2.25938e-085
-3.35446e-086
1.74962e-087
1.64685e-088
-4.22154e-089
3.60924e-090
2.23526e-092
-4.53885e-092
5.70025e-093
-2.15042e-094
-3.8794e-095
7.62608e-096
-5.45623e-097
-1.80137e-098
8.78425e-099
-9.42202e-100
2.04666e-101
8.39325e-102
-1.34344e-102
7.77798e-104
5.58273e-105
-1.64831e-105
1.50891e-106
-4.36769e-109
-1.71739e-108
2.30769e-109
-1.01186e-110
-1.38492e-111
3.00966e-112
-2.32516e-113
-4.85154e-115
3.37224e-115
-3.85983e-116
1.10463e-117
3.08866e-118
-5.35715e-119
3.40537e-120
1.82708e-121
-6.40581e-122
6.26697e-123
-6.99059e-125
-6.45277e-125
9.2999e-126
-4.62851e-127
-4.85758e-128
1.18259e-128
-9.82349e-130
-1.00351e-131
1.28728e-131
-1.5732e-132
5.52779e-134
1.12415e-134
-2.12709e-135
1.47235e-136
5.67495e-138
-2.47736e-138
2.58727e-139
-4.85306e-141
-2.40555e-141
3.73124e-142
-2.07271e-143
-1.66554e-144
4.62611e-145
-4.11879e-146
-2.99401e-149
4.88385e-148
-6.3812e-149
2.63927e-150
4.03807e-151
-8.40954e-152
6.29891e-153
1.61576e-154
-9.53155e-155
1.06221e-155
-2.7444e-157
-8.88813e-158
1.49052e-158
-9.12832e-160
-5.53866e-161
1.80134e-161
-1.71515e-162
1.34639e-164
1.84047e-164
-2.57638e-165
1.2201e-166
1.42736e-167
-3.31035e-168
2.67029e-169
3.85395e-171
-3.64712e-171
4.3383e-172
-1.40994e-173
-3.25032e-174
5.92865e-175
-3.96606e-176
-1.76265e-177
6.98064e-178
-7.09797e-179
1.11472e-180
6.88409e-181
-1.03555e-181
5.508e-183
4.94366e-184
-1.29735e-184
1.12299e-185
5.05521e-188
-1.38727e-187
1.76315e-188
-6.84718e-190
-1.17422e-190
2.34806e-191
-1.70377e-192
-5.23364e-194
2.69157e-194
-2.92062e-195
6.71296e-197
2.55328e-197
-4.14408e-198
2.44135e-199
1.66681e-200
-5.06136e-201
4.68914e-202
-2.07444e-204
-5.24282e-204
7.13203e-205
-3.20349e-206
-4.17992e-207
9.25954e-208
-7.24879e-209
-1.36756e-210
1.03227e-210
-1.19535e-211
3.56299e-213
9.37862e-214
-1.65124e-214
1.0663e-215
5.41283e-217
-1.96532e-217
1.94539e-218
-2.44251e-220
-1.96726e-220
2.87188e-221
-1.4592e-222
-1.4608e-223
3.63551e-224
-3.05816e-225
-2.58264e-227
3.93631e-227
-4.86777e-228
1.76541e-229
3.40606e-230
-6.55136e-231
4.601e-232
0.0104253
0.312548
0.225272
0.342225
0.172553
-0.0114518
-0.000525022
0.00085443
0.00990434
0.0190013
0.00907508
0.0649534
0.236148
0.175837
-0.0122515
-0.000458581
0.00020435
-2.14538e-005
0.061038
0.239731
0.169403
-0.0123317
0.0125116
0.297681
0.211301
0.339331
0.153371
-0.0116529
-0.000272984
0.0694291
0.231318
0.209715
-0.0111882
0.0750618
0.246445
0.155628
-0.0123609
-0.000206519
0.000172521
-2.02367e-005
0.00168505
0.0174264
0.0125669
0.011934
0.0130228
0.281043
0.290337
0.321153
0.272595
0.294105
0.240719
-0.00517603
0.010133
0.0172456
0.0086502
0.0699845
0.242667
0.225858
0.195441
-0.0114465
-0.000794919
0.000239071
0.0685327
0.24665
0.225184
0.189092
0.00247819
0.268871
0.276102
0.32423
0.262011
0.311265
0.22453
0.0658306
0.236511
0.246374
0.249767
0.0756352
0.251196
0.228287
0.175432
-0.0119575
-0.000492457
0.000205343
0.0455853
0.282465
0.26765
0.239041
0.320478
0.224613
0.0936426
0.268762
0.289752
0.165016
0.204323
0.19036
0.00758267
0.0132257
0.0139173
0.0562896
0.216634
0.24899
0.244606
0.262465
0.292879
0.0295675
-0.00364841
0.0202073
0.0143003
0.0133036
0.166784
0.246544
0.0868829
0.248055
0.294434
0.195873
0.183816
0.219184
0.219113
0.238511
0.249193
0.176324
0.229378
0.272372
0.287227
0.309678
0.296431
0.277836
0.0718568
0.186591
0.261071
0.259725
0.22727
0.158413
0.189589
0.31369
0.236146
0.0873969
0.252982
0.0660229
0.0157963
0.0103059
0.0148211
0.101181
0.223935
0.214687
0.224212
0.273818
0.259071
0.248379
0.102076
0.00751954
0.0154144
0.0119168
0.1343
0.191176
0.171967
0.301453
0.243298
0.0855303
0.233262
0.173419
0.229455
0.205185
0.232458
0.177679
0.292543
0.278417
0.25538
0.272155
0.267371
0.269822
0.149916
0.239621
0.200733
0.154702
0.151429
0.32566
0.221957
0.233225
0.208683
0.208321
0.180175
0.0794719
0.0130053
0.0116626
0.0149934
0.120888
0.211653
0.202001
0.20637
0.245901
0.255423
0.244323
0.118344
0.210561
0.201487
0.204404
0.133351
0.340341
0.213858
0.25621
0.223644
0.215691
0.195766
0.186221
0.204478
0.223824
0.226687
0.190861
0.208787
0.203002
0.204175
0.235068
0.24419
0.226679
-0.00118262
0.0115349
0.0138604
0.0139808
0.130746
0.271183
0.258168
0.244918
0.282143
0.285081
0.306944
0.0232697
0.0169575
0.0130959
0.0174904
0.187597
0.231084
0.232677
0.248264
0.237434
0.151857
-0.0121045
0.189658
0.232117
0.235005
0.249138
0.173982
0.249556
0.245195
0.233906
0.274579
0.287485
0.310174
0.204407
0.218598
0.219633
0.230429
0.229178
0.224747
0.240745
0.252212
0.240161
0.132651
-0.0119051
0.166662
0.246043
0.170773
0.260407
0.143185
0.288105
0.222148
0.12759
0.283828
0.317188
0.185658
0.0574037
0.00710432
0.0131656
0.0137782
0.189586
0.210081
0.248917
0.284959
0.229363
0.230491
-0.00995164
0.00755911
0.0154892
0.0123425
0.0140181
0.127232
0.282989
0.235273
0.125255
0.268193
0.33471
0.219288
0.234052
0.19667
0.260865
0.277966
0.125791
0.131496
0.170504
0.179917
0.193402
0.269914
0.19726
0.182236
0.243724
0.20624
0.250077
0.14699
0.227168
0.352505
0.279957
0.220789
0.245058
0.299163
0.0183929
0.0115978
0.0160772
0.0123596
0.22146
0.25339
0.255707
0.296437
0.0245476
-0.00623006
0.000529937
0.0120387
0.0136342
0.0121412
0.0148645
0.166088
0.210692
0.347496
0.292135
0.208498
0.228349
0.298223
0.22305
0.251045
0.24711
0.291361
0.246317
0.264235
0.26407
0.267669
0.236718
0.306875
0.0285228
0.255443
0.297668
0.312708
0.228908
0.316636
0.275724
0.289889
0.244458
-0.0061141
-0.00207091
0.000356897
0.00798162
0.0229134
0.00991414
0.0168918
0.261437
0.253608
-0.00735069
-0.0020172
0.000351479
-2.24512e-005
0.000899059
0.259849
0.248485
-0.00810043
-0.000883495
0.331279
0.267368
0.306477
0.228818
-0.00827493
-0.00160408
0.00163521
0.268174
0.275554
-0.00216727
-0.00149253
0.255221
0.236394
-0.00943077
-0.00154145
0.00031344
-2.30494e-005
0.000217774
0.0179096
0.0143061
0.0139596
0.0110674
0.278225
0.306561
0.275363
0.267696
0.25968
0.290208
0.00957834
0.00414105
0.0213696
0.00951993
0.0173274
0.258484
0.269143
0.26481
-0.00398572
-0.00259105
0.000387293
0.00432582
0.258082
0.266624
0.260748
-0.00112708
0.285322
0.313178
0.28606
0.27378
0.262801
0.278639
0.00959223
0.261958
0.275202
0.286635
0.0152308
0.249921
0.260985
0.250934
-0.0068213
-0.0020553
0.000350257
0.00579599
0.237079
0.290561
0.20194
0.314163
0.126811
0.157704
0.332368
0.282383
0.137375
0.285164
0.265022
0.0133532
0.00860919
0.0156773
0.0455022
0.170099
0.257971
0.226047
0.26956
0.294134
0.0792362
-0.00911751
0.0202784
0.011168
0.0153006
0.105795
0.162503
0.140531
0.322747
0.286288
0.129173
0.264733
0.285274
0.168979
0.260716
0.218142
0.227178
0.24697
0.269856
0.265527
0.265503
0.264693
0.267062
0.10222
0.166238
0.237403
0.279525
0.236188
0.140985
0.262913
0.298325
0.153025
0.142923
0.325752
0.100298
0.0156008
0.0107593
0.012053
0.0679074
0.20989
0.22851
0.210668
0.241923
0.288911
0.221251
0.176341
0.00803476
0.0119149
0.0148395
0.0833874
0.146583
0.243284
0.314994
0.180415
0.125068
0.312283
0.1776
0.201137
0.231286
0.201802
0.193933
0.26383
0.228553
0.217498
0.198769
0.246154
0.21837
0.173478
0.276436
0.255
0.216302
0.184071
0.228923
0.25541
0.158437
0.162845
0.151658
0.128991
0.147685
0.00701111
0.0133603
0.0172411
0.060573
0.24774
0.232767
0.223346
0.255363
0.269132
0.284022
0.065725
0.240695
0.232051
0.224067
0.162198
0.247961
0.244442
0.179638
0.171017
0.160274
0.128239
0.188642
0.244673
0.228681
0.19369
0.161938
0.229722
0.228114
0.223914
0.260614
0.272366
0.279598
0.00635483
0.0119792
0.0148537
0.0121625
0.112575
0.30351
0.27324
0.244209
0.241499
0.259126
0.24856
0.0643183
0.00859876
0.0148352
0.0127843
0.105206
0.212802
0.203562
0.236473
0.246101
0.231005
-0.00928544
0.106707
0.215169
0.204754
0.23346
0.21232
0.292809
0.278361
0.253062
0.263045
0.263802
0.260839
0.155314
0.204165
0.218454
0.262811
0.202743
0.209669
0.211418
0.230476
0.232811
0.212261
-0.0106775
0.103105
0.242564
0.199301
0.234985
0.20053
0.266798
0.113648
0.193045
0.309067
0.265805
0.133653
0.115113
0.00617501
0.0151056
0.0119877
0.11658
0.246921
0.21133
0.26954
0.211637
0.285937
0.00213796
0.00193837
0.017949
0.014676
0.0121593
0.155776
0.285197
0.139401
0.174686
0.308945
0.274633
0.129434
0.220644
0.231815
0.219384
0.279158
0.124439
0.170267
0.217865
0.248227
0.265046
0.322949
0.253397
0.111849
0.24463
0.259828
0.208614
0.103478
0.297238
0.302357
0.161887
0.299757
0.290506
0.278473
0.0516537
0.0105297
0.014437
0.0153437
0.202514
0.227562
0.271408
0.292333
0.0709488
-0.00973815
0.000444903
0.00673933
0.0164027
0.0137216
0.0130463
0.0471161
0.2919
0.32022
0.191776
0.278377
0.285742
0.294536
0.254252
0.216554
0.275
0.290187
0.20771
0.210672
0.203439
0.24071
0.15463
0.298129
0.0742077
0.188208
0.277521
0.276656
0.275734
0.261947
0.268414
0.258775
0.293018
0.0108181
-0.00455736
0.000471505
0.00636324
0.0241336
0.011971
0.0182151
0.249829
0.290355
0.0092897
-0.0045682
0.000490906
-1.07643e-005
-4.3598e-006
0.251763
0.289616
0.00737071
-0.00433154
0.270954
0.277372
0.261379
0.281539
0.00521423
-0.00385738
0.000445454
0.254703
0.289035
0.0213102
-0.00589875
0.259161
0.286461
0.00368797
-0.00384357
0.000461591
-1.54361e-005
-3.40116e-006
0.0151023
0.0140527
0.0128713
0.0125265
0.223803
0.251459
0.253719
0.266035
0.199163
0.300194
0.0427802
-0.000407281
0.0242697
0.0109269
0.0176092
0.226086
0.272744
0.284167
0.0168121
-0.00536307
0.000506858
9.51774e-005
0.231099
0.272384
0.285074
0.01485
0.232395
0.261086
0.261665
0.268713
0.225023
0.305556
0.0327964
0.220665
0.268393
0.276716
0.043744
0.234794
0.272543
0.284747
0.0100628
-0.00459266
0.000485027
0.000498915
0.213365
0.256597
0.241239
0.29897
0.105991
0.232502
0.29094
0.184503
0.209643
0.350084
0.285583
0.0270018
0.00771347
0.0133074
0.0181327
0.19651
0.234338
0.270711
0.260478
0.255049
0.151117
-0.0122841
0.0152874
0.0125927
0.0129611
0.0153453
0.097453
0.217798
0.312612
0.217901
0.1889
0.340599
0.301255
0.196436
0.234957
0.265439
0.236926
0.196318
0.198106
0.242901
0.212972
0.208071
0.242255
0.140788
0.202894
0.198938
0.234438
0.244899
0.150889
0.332423
0.215307
0.110822
0.218166
0.308213
0.125848
0.0147401
0.0123506
0.0135809
0.0246768
0.243637
0.201045
0.239652
0.210719
0.262399
0.221392
0.253141
0.0106045
0.00927618
0.0150155
0.0314275
0.156005
0.322163
0.228289
0.1076
0.199678
0.325608
0.161139
0.24038
0.206129
0.237333
0.211401
0.187298
0.174451
0.163675
0.129739
0.171443
0.178178
0.202167
0.231926
0.257314
0.246377
0.214231
0.149245
0.310402
0.148786
0.202414
0.197125
0.18683
0.22666
0.0028814
0.0143085
0.014368
0.0246684
0.276902
0.210678
0.189235
0.222293
0.261913
0.27458
0.0588179
0.268835
0.21232
0.191716
0.202737
0.159375
0.296206
0.14372
0.18592
0.179871
0.169661
0.2286
0.271749
0.201914
0.199799
0.180177
0.264637
0.216384
0.195582
0.230398
0.262837
0.275918
0.0316914
0.0107584
0.013079
0.0120089
0.0675422
0.239523
0.205932
0.205227
0.174067
0.218172
0.18542
0.129748
-0.000405408
0.0171124
0.00878661
0.0567196
0.239673
0.224808
0.260069
0.272067
0.280387
0.00346962
0.0482179
0.239158
0.224084
0.260594
0.240074
0.250227
0.21789
0.21367
0.191861
0.238569
0.206403
0.162131
0.234614
0.217813
0.235412
0.204418
0.22362
0.22139
0.259894
0.271681
0.273836
-0.000947547
0.0662931
0.20694
0.23215
0.198388
0.249994
0.22564
0.0950776
0.270553
0.289433
0.16254
0.206172
0.192193
0.00764406
0.0131018
0.0139858
0.0561585
0.215088
0.250013
0.243827
0.263389
0.29237
0.030428
-0.00378589
0.0202438
0.0142248
0.0133762
0.166401
0.245842
0.0872802
0.249884
0.293933
0.192891
0.185683
0.220449
0.217602
0.239687
0.24889
0.177555
0.230437
0.273372
0.287317
0.309899
0.2952
0.277449
0.0724136
0.185321
0.260374
0.260741
0.153338
0.309754
0.254723
0.143577
0.35429
0.26882
0.14946
0.108661
0.00974013
0.0105476
0.0147626
0.121457
0.276879
0.264371
0.263539
0.140036
-0.0122081
-4.31971e-005
0.004474
0.0186067
0.0151016
0.0118667
0.0339363
0.322794
0.267804
0.131895
0.348678
0.275316
0.180305
0.23302
0.258902
0.269775
0.276429
0.122657
0.185131
0.198824
0.274592
0.201777
0.334377
0.141774
0.0774547
0.230804
0.252947
0.26583
0.127702
0.272005
0.581111
0.45963
0.575757
0.594329
0.517416
0.0463706
0.00966672
0.0360245
0.028239
0.206739
0.505063
0.621752
0.373943
0.180711
0.208133
0.222161
0.210871
0.504119
0.621233
0.365504
0.145038
0.284658
0.55158
0.443975
0.545407
0.560893
0.475722
0.237986
0.504868
0.606112
0.442311
0.215867
0.50443
0.618642
0.346489
0.186191
0.210982
0.218344
0.244022
0.540894
0.563132
0.620416
0.274262
0.300967
0.522431
0.431672
0.512788
0.52202
0.432118
0.0316248
0.0145255
0.0325367
0.0268058
0.229222
0.50624
0.613035
0.317693
0.186621
0.210374
0.212316
0.230651
0.502197
0.609434
0.308524
0.216449
0.36053
0.514006
0.443444
0.488474
0.482817
0.389316
0.243331
0.504016
0.625893
0.395043
0.236943
0.492858
0.597679
0.288729
0.183956
0.205477
0.203051
0.247416
0.522327
0.579268
0.5675
0.182795
0.216087
0.526617
0.473042
0.47356
0.650573
0.667678
0.105352
0.0134586
0.0375156
0.0342951
0.248548
0.528491
0.582652
0.548449
0.324046
0.163677
0.196268
0.0379982
0.0278562
0.0366264
0.0336941
0.135179
0.22006
0.512912
0.474113
0.463536
0.636156
0.721177
0.312062
0.51328
0.586829
0.541258
0.345465
0.426649
0.516382
0.528065
0.529301
0.478929
0.305241
0.267089
0.561487
0.511135
0.659213
0.18336
0.210496
0.516365
0.481547
0.445876
0.614324
0.765522
0.059663
0.020053
0.0334868
0.0409061
0.252191
0.535729
0.585099
0.557488
0.286342
0.148089
0.204529
0.0263046
0.0295461
0.0367484
0.0345045
0.205489
0.2187
0.532317
0.495052
0.425545
0.600699
0.787424
0.281724
0.525469
0.589801
0.557765
0.351349
0.460838
0.526019
0.565136
0.566465
0.539266
0.268382
0.297892
0.515797
0.460738
0.591215
0.337428
0.468683
0.524985
0.579914
0.577037
0.54652
0.259881
0.0100235
0.0307536
0.0291612
0.0364471
0.375725
0.55722
0.604483
0.209878
0.181997
0.176097
0.137054
0.378145
0.558479
0.610349
0.195542
0.328765
0.478489
0.514685
0.613717
0.611736
0.562259
0.242389
0.365344
0.529813
0.56865
0.237896
0.389599
0.562139
0.617042
0.202942
0.186043
0.183105
0.124944
0.283326
0.510345
0.555108
0.528867
0.322044
0.472476
0.496991
0.639826
0.656994
0.593184
0.220027
0.00831333
0.028681
0.0306303
0.0374606
0.440957
0.566608
0.616112
0.199519
0.190427
0.185661
0.114813
0.443888
0.567249
0.614041
0.167553
0.312455
0.487601
0.477215
0.648291
0.692616
0.635365
0.208768
0.420228
0.560446
0.585363
0.192148
0.453087
0.571483
0.605475
0.195928
0.198324
0.187772
0.105361
0.348173
0.494475
0.539461
0.47592
0.38721
0.271534
0.646428
0.463923
0.569521
0.531914
0.653107
-0.00313082
0.0262798
0.0348796
0.0400466
0.371911
0.492824
0.552185
0.627372
0.163637
0.202401
0.171352
0.0165215
0.0295841
0.0347682
0.0360993
0.417885
0.290253
0.670994
0.444183
0.591604
0.497183
0.62127
0.360208
0.493691
0.563036
0.425957
0.265507
0.543466
0.458193
0.634933
0.704342
0.686423
0.165478
0.328156
0.522579
0.594314
0.435981
0.39444
0.321843
0.677915
0.432144
0.604144
0.460686
0.545883
-0.0103622
0.0297375
0.037627
0.0596725
0.408845
0.494036
0.580396
0.590331
0.169772
0.210823
0.144141
0.0169969
0.0299714
0.0367274
0.0393776
0.414235
0.377322
0.667725
0.428276
0.622347
0.429123
0.538338
0.384539
0.486024
0.60724
0.360986
0.241964
0.599019
0.448037
0.621667
0.688675
0.663639
0.140056
0.26432
0.53179
0.488141
0.326293
0.23891
0.61264
0.453799
0.61604
0.678736
0.653195
0.100265
0.00485351
0.0386942
0.0284886
0.158699
0.513215
0.563665
0.470177
0.154919
0.201943
0.214805
0.184915
0.510816
0.567762
0.462514
0.111367
0.250091
0.624864
0.466482
0.613599
0.655676
0.624947
0.239431
0.501527
0.545032
0.563266
0.213563
0.506768
0.583111
0.44451
0.16018
0.202395
0.215642
0.169893
0.472098
0.479037
0.646825
0.294431
0.23742
0.62058
0.471164
0.611728
0.63852
0.591404
0.0701707
0.00642848
0.0387127
0.0292176
0.190145
0.510674
0.606754
0.419537
0.164687
0.2069
0.21914
0.202083
0.506152
0.611486
0.412916
0.118602
0.256641
0.604478
0.468086
0.599346
0.621365
0.556989
0.243757
0.514536
0.562635
0.496683
0.213916
0.501745
0.617389
0.398919
0.170738
0.207501
0.223164
0.223245
0.531894
0.515617
0.641516
0.227268
0.300223
0.526075
0.501924
0.446486
0.714261
0.54561
0.245588
0.0048352
0.0335069
0.0396609
0.226766
0.54366
0.527314
0.635071
0.399708
0.186713
0.166839
0.0736049
0.0263402
0.0334613
0.0392766
0.0721278
0.296998
0.531453
0.465596
0.466988
0.694951
0.570279
0.422311
0.519727
0.55012
0.628421
0.264464
0.281607
0.537352
0.436579
0.530305
0.543782
0.455991
0.268205
0.494402
0.472099
0.56429
0.189362
0.255995
0.538736
0.45307
0.477564
0.673492
0.588611
0.16942
0.00764438
0.030108
0.0354882
0.247196
0.536776
0.573385
0.607213
0.354646
0.181285
0.183999
0.0544339
0.0267449
0.0360781
0.0371715
0.100904
0.251578
0.537303
0.464561
0.478444
0.659188
0.619498
0.367176
0.504496
0.579387
0.584908
0.305015
0.368373
0.517511
0.456907
0.485147
0.469041
0.370826
0.286581
0.453414
0.492833
0.618501
0.302257
0.386234
0.51912
0.476101
0.48811
0.460625
0.351674
0.0248884
0.0240683
0.0305753
0.038401
0.276747
0.496466
0.575076
0.261006
0.178825
0.198762
0.191753
0.281175
0.500541
0.570337
0.252428
0.290724
0.422274
0.515468
0.513694
0.511668
0.465652
0.318975
0.277709
0.496252
0.620269
0.3512
0.292443
0.51074
0.569229
0.23751
0.171163
0.18992
0.178443
0.245539
0.530337
0.584303
0.544625
0.35009
0.436184
0.518747
0.536321
0.542121
0.494469
0.295713
0.0172291
0.0249573
0.0326673
0.033507
0.332859
0.523156
0.578503
0.226045
0.167186
0.17906
0.165025
0.332219
0.528372
0.57977
0.221333
0.328821
0.459323
0.524174
0.552551
0.55904
0.527802
0.277832
0.328595
0.500054
0.589547
0.295833
0.336123
0.54285
0.584174
0.219339
0.172957
0.17221
0.150995
0.252861
0.535125
0.587615
0.556538
0.257524
0.208081
0.558731
0.50525
0.417677
0.598786
0.788066
0.0266837
0.0223173
0.0374325
0.0343717
0.268308
0.528372
0.581146
0.576993
0.242028
0.162877
0.207754
0.019113
0.0297667
0.0360669
0.0343066
0.291057
0.225406
0.581202
0.508665
0.43522
0.596171
0.773578
0.276986
0.508195
0.56825
0.53972
0.330073
0.472757
0.507704
0.627507
0.631969
0.574197
0.232372
0.25308
0.531383
0.591548
0.599356
0.326258
0.228262
0.592671
0.502287
0.475058
0.584156
0.742463
0.00426479
0.0258659
0.0378023
0.0387409
0.313144
0.505644
0.541392
0.62645
0.197314
0.178559
0.194933
0.016649
0.0294267
0.0335371
0.0340115
0.377721
0.251282
0.610798
0.486463
0.52643
0.562336
0.709561
0.32177
0.4946
0.535319
0.491923
0.301984
0.493827
0.471142
0.646967
0.701745
0.653217
0.194436
0.257502
0.601904
0.466046
0.472999
0.288253
0.508123
0.465724
0.643438
0.707021
0.668874
0.178425
0.00595006
0.0318304
0.0288914
0.0511054
0.482071
0.571024
0.588122
0.190188
0.206444
0.194101
0.108783
0.477269
0.568802
0.580898
0.141723
0.285716
0.536371
0.45988
0.636102
0.70713
0.685047
0.189567
0.476873
0.569074
0.619138
0.172823
0.470904
0.560121
0.562448
0.181328
0.21118
0.204231
0.0984795
0.39177
0.497256
0.566451
0.411088
0.256838
0.551107
0.45505
0.634781
0.702009
0.684475
0.137436
0.00428941
0.0347844
0.0281265
0.0979414
0.491414
0.546149
0.530258
0.170515
0.210623
0.212521
0.1443
0.48962
0.546366
0.51961
0.121448
0.257567
0.581604
0.446242
0.628992
0.695867
0.672847
0.211882
0.485244
0.572936
0.608263
0.198447
0.489829
0.554236
0.497872
0.159728
0.206611
0.214986
0.109896
0.418971
0.481472
0.621503
0.339811
0.378306
0.429969
0.647037
0.429403
0.6499
0.411897
0.439245
-0.00701748
0.0287155
0.0397635
0.0991514
0.440642
0.470813
0.636812
0.530951
0.173425
0.201964
0.118517
0.0189876
0.028879
0.0398583
0.0451034
0.38173
0.467814
0.61588
0.428579
0.683629
0.419807
0.494609
0.431829
0.469621
0.645097
0.306129
0.234356
0.624469
0.469924
0.613703
0.647113
0.609905
0.172587
0.418489
0.481127
0.548843
0.28062
0.335363
0.493275
0.582179
0.421715
0.711115
0.452279
0.335607
-0.00568764
0.0302703
0.0336004
0.175397
0.494506
0.494367
0.648984
0.455728
0.178807
0.183115
0.0955709
0.0229268
0.0311929
0.0403382
0.0566103
0.340418
0.512854
0.544878
0.425485
0.721861
0.500767
0.470361
0.492702
0.509579
0.647414
0.268195
0.248297
0.595068
0.465559
0.590193
0.610801
0.540373
0.16292
0.373384
0.52995
0.584673
0.240711
0.25704
0.583855
0.460821
0.578139
0.597046
0.521044
0.0499815
0.0165217
0.0335227
0.0372212
0.203363
0.50496
0.621747
0.376285
0.179941
0.207911
0.22242
0.210285
0.503563
0.621596
0.367945
0.142371
0.283367
0.554512
0.445567
0.548399
0.564181
0.479624
0.237801
0.505032
0.604008
0.444656
0.21534
0.50423
0.618922
0.349081
0.185919
0.210802
0.21876
0.243593
0.541379
0.561069
0.621962
0.272806
0.297242
0.524524
0.431956
0.515606
0.525712
0.436091
0.0321642
0.0141857
0.0326183
0.0267727
0.227624
0.506755
0.613911
0.320307
0.186746
0.210628
0.212999
0.229274
0.502973
0.61066
0.311141
0.212781
0.356363
0.513644
0.441319
0.489868
0.486042
0.393108
0.242584
0.503626
0.625423
0.396771
0.235192
0.493863
0.599568
0.291385
0.1843
0.20605
0.204014
0.247614
0.522028
0.579045
0.570415
0.182972
0.217551
0.527929
0.472811
0.474142
0.651373
0.663001
0.107846
0.013198
0.0374802
0.0344483
0.248857
0.528015
0.582043
0.550451
0.325403
0.164587
0.196048
0.0386467
0.0277913
0.0365955
0.0337653
0.1337
0.220256
0.513685
0.473912
0.464783
0.637943
0.716397
0.31374
0.512979
0.58694
0.541151
0.344325
0.424508
0.516112
0.52605
0.52644
0.476258
0.307331
0.267766
0.562174
0.509882
0.658783
0.181361
0.210299
0.515371
0.480472
0.447712
0.616199
0.762345
0.0615181
0.0199177
0.0334135
0.0409097
0.25217
0.535222
0.584656
0.555957
0.288314
0.148293
0.204078
0.0267438
0.0294744
0.0367189
0.0344695
0.200934
0.219072
0.530279
0.493832
0.427207
0.601343
0.786384
0.282593
0.525393
0.589697
0.557786
0.351828
0.459424
0.525978
0.562768
0.565035
0.537685
0.269991
0.298264
0.513822
0.460373
0.592664
0.338073
0.467581
0.525349
0.577023
0.574749
0.545327
0.261521
0.0123391
0.0276624
0.032768
0.0346019
0.374038
0.556575
0.602578
0.210694
0.181405
0.175413
0.138276
0.375186
0.558104
0.608874
0.196827
0.329382
0.478543
0.515984
0.610705
0.607943
0.560317
0.244066
0.363607
0.527843
0.567532
0.240338
0.387136
0.561446
0.616576
0.203397
0.185758
0.18264
0.125973
0.280762
0.511238
0.557173
0.530806
0.323353
0.472329
0.498851
0.638152
0.652936
0.5897
0.221935
0.00844129
0.0286097
0.0307489
0.0370915
0.437555
0.566579
0.616525
0.199775
0.189889
0.185553
0.115577
0.44091
0.566993
0.614783
0.168802
0.313348
0.485976
0.478721
0.648222
0.690245
0.631526
0.21019
0.417484
0.560072
0.583921
0.193669
0.451126
0.570915
0.606872
0.196339
0.197501
0.187439
0.106037
0.34578
0.495317
0.538132
0.478675
0.385683
0.26979
0.643375
0.465942
0.566564
0.534812
0.657648
-0.00282826
0.0261679
0.0347781
0.0395946
0.369825
0.492537
0.550494
0.628164
0.164225
0.201444
0.172539
0.0165168
0.0295233
0.0346908
0.0359974
0.417041
0.288522
0.669482
0.445687
0.590261
0.500515
0.625179
0.35866
0.493314
0.562305
0.42897
0.267211
0.542096
0.458609
0.635002
0.704846
0.686494
0.166677
0.32481
0.524056
0.594059
0.439865
0.394679
0.317817
0.678058
0.432898
0.60293
0.463891
0.55091
-0.0103494
0.0297492
0.0376116
0.0586337
0.407791
0.494569
0.578067
0.59249
0.169216
0.210927
0.1454
0.0169896
0.02999
0.0365545
0.0392559
0.415199
0.371762
0.669184
0.428326
0.620234
0.431601
0.541946
0.383628
0.486966
0.604083
0.363672
0.242135
0.596148
0.447383
0.622895
0.690153
0.665302
0.140588
0.262946
0.533696
0.484965
0.329193
0.23917
0.610609
0.452538
0.616848
0.680745
0.655278
0.102262
0.00595097
0.0329204
0.031167
0.154141
0.512299
0.562992
0.472342
0.154859
0.202246
0.214787
0.183746
0.51025
0.566472
0.464741
0.111492
0.250673
0.624498
0.4656
0.61352
0.657583
0.627856
0.238839
0.500638
0.545714
0.565944
0.213342
0.506919
0.580662
0.447006
0.159563
0.202055
0.215484
0.166667
0.470026
0.477048
0.646522
0.29643
0.236959
0.621495
0.471146
0.612277
0.639885
0.594489
0.0713973
0.00633329
0.038787
0.0292303
0.189106
0.511073
0.605179
0.421529
0.164386
0.2066
0.218691
0.201665
0.506354
0.610402
0.414765
0.118108
0.255887
0.606308
0.468507
0.600934
0.62324
0.560209
0.24384
0.514824
0.562012
0.499654
0.214165
0.501807
0.616808
0.400866
0.16993
0.207583
0.222985
0.221567
0.530117
0.514457
0.642545
0.229386
0.302041
0.525372
0.505709
0.444353
0.715562
0.542469
0.249419
0.00458284
0.0333776
0.0397153
0.225293
0.542928
0.525322
0.635779
0.401586
0.186604
0.166844
0.074546
0.0262685
0.03331
0.0393188
0.0709979
0.299147
0.530885
0.468163
0.46549
0.696942
0.568599
0.424856
0.519715
0.547561
0.6294
0.262822
0.279111
0.540232
0.437956
0.533312
0.547289
0.459959
0.267253
0.492376
0.473456
0.563462
0.190454
0.257844
0.538296
0.452987
0.477037
0.675274
0.586654
0.172555
0.00724894
0.0301909
0.0353971
0.246597
0.537927
0.572311
0.609338
0.356509
0.18184
0.182938
0.0552371
0.0267718
0.0360369
0.0373202
0.0993267
0.253634
0.537794
0.463232
0.478659
0.6601
0.616005
0.36981
0.505293
0.579179
0.587669
0.302375
0.36484
0.516932
0.453867
0.485332
0.471408
0.374455
0.284814
0.452612
0.494359
0.618343
0.299825
0.383395
0.519084
0.472405
0.487089
0.461571
0.355044
0.0235877
0.0206183
0.0326048
0.0300728
0.275351
0.495284
0.57697
0.263567
0.179436
0.199452
0.192912
0.278584
0.498894
0.571456
0.2548
0.288125
0.420005
0.515705
0.510775
0.50878
0.464111
0.321562
0.274689
0.497294
0.620632
0.35355
0.290069
0.509534
0.568724
0.239152
0.171855
0.190829
0.179662
0.245217
0.529827
0.584569
0.543624
0.349327
0.43444
0.51818
0.53486
0.53981
0.491154
0.297513
0.0174744
0.024815
0.0326322
0.03343
0.330592
0.521833
0.578005
0.226691
0.167147
0.180051
0.166262
0.330115
0.526583
0.579517
0.222265
0.328014
0.457999
0.523775
0.550809
0.557912
0.525379
0.279347
0.326682
0.498277
0.591823
0.298414
0.334693
0.540879
0.583139
0.220054
0.172115
0.1724
0.152285
0.252295
0.535698
0.588039
0.556933
0.254773
0.207748
0.556202
0.504529
0.417392
0.598794
0.788736
0.0278727
0.0222094
0.0375005
0.0344004
0.266951
0.529572
0.582288
0.57531
0.244066
0.161781
0.207974
0.019366
0.0298043
0.0361581
0.0343189
0.286732
0.224519
0.579657
0.508726
0.432618
0.596739
0.775498
0.276782
0.509258
0.570137
0.541304
0.331339
0.47292
0.509344
0.624956
0.627791
0.571511
0.234126
0.252598
0.531509
0.59106
0.602375
0.322579
0.227363
0.591786
0.50329
0.470664
0.585687
0.745626
0.00505339
0.0257215
0.0378075
0.0387753
0.309594
0.506199
0.543139
0.6251
0.199348
0.177815
0.195789
0.0166563
0.0294225
0.0336101
0.0340531
0.374974
0.249076
0.608301
0.488223
0.521926
0.564658
0.713142
0.319815
0.495321
0.535216
0.494566
0.303438
0.491672
0.47233
0.647417
0.700271
0.649883
0.196115
0.257814
0.601748
0.467029
0.476385
0.289762
0.505514
0.466557
0.644178
0.706393
0.666388
0.180429
0.00374363
0.0368811
0.0287556
0.0486161
0.480847
0.571606
0.590024
0.190855
0.205776
0.193293
0.108628
0.476699
0.569629
0.58307
0.142906
0.287093
0.534458
0.460207
0.636524
0.707488
0.684366
0.190111
0.475452
0.56906
0.618633
0.172315
0.470935
0.561531
0.565123
0.182234
0.210973
0.203273
0.098418
0.389939
0.497343
0.565464
0.414083
0.25856
0.549358
0.455832
0.63483
0.702446
0.685067
0.139219
0.0043381
0.0346275
0.0281873
0.0947192
0.490082
0.546685
0.533304
0.171542
0.210859
0.212005
0.141869
0.488552
0.546134
0.522651
0.122146
0.258038
0.578407
0.446576
0.630039
0.69669
0.674214
0.210024
0.485548
0.573541
0.609665
0.197184
0.488825
0.552881
0.500616
0.160591
0.207048
0.214965
0.108345
0.417154
0.48282
0.618769
0.342911
0.379819
0.42557
0.649435
0.429245
0.646924
0.412602
0.444068
-0.0071671
0.0287437
0.0396576
0.0960092
0.438085
0.472016
0.635301
0.534237
0.173428
0.202578
0.119643
0.0188154
0.0288932
0.0397975
0.0447158
0.383658
0.465129
0.618921
0.429
0.680621
0.417983
0.495711
0.429445
0.46879
0.644608
0.308057
0.234061
0.624715
0.469442
0.61376
0.6487
0.612962
0.1704
0.417333
0.481458
0.551172
0.283641
0.337281
0.491218
0.585306
0.422199
0.709205
0.448464
0.339993
-0.00584681
0.0302025
0.0337329
0.172275
0.491376
0.492197
0.648731
0.458978
0.178343
0.184162
0.0965778
0.0226897
0.0310712
0.0403403
0.0557976
0.342051
0.511253
0.548462
0.42436
0.721664
0.496242
0.471895
0.48991
0.508409
0.648087
0.269471
0.246783
0.597013
0.466192
0.592171
0.613069
0.543769
0.160105
0.370668
0.529439
0.581666
0.241777
0.255487
0.586077
0.461841
0.580475
0.599699
0.524638
0.0482135
0.00935909
0.0363335
0.0284015
0.204688
0.504894
0.621575
0.378604
0.179132
0.207718
0.222654
0.209644
0.503058
0.62187
0.37036
0.1399
0.282257
0.55741
0.44715
0.551362
0.567422
0.483509
0.23767
0.505192
0.60175
0.446957
0.215013
0.503948
0.619244
0.351658
0.185604
0.21059
0.219161
0.243152
0.541784
0.558879
0.623415
0.271272
0.29371
0.526798
0.432484
0.518478
0.529386
0.44007
0.0327151
0.0138559
0.0327152
0.0267538
0.226121
0.507206
0.614683
0.322924
0.186846
0.210843
0.213653
0.227847
0.503662
0.611791
0.313756
0.209227
0.352068
0.513451
0.43939
0.491491
0.489381
0.396925
0.242021
0.503171
0.624903
0.398508
0.233687
0.494916
0.601372
0.294036
0.184622
0.206604
0.204955
0.247793
0.521946
0.578863
0.57334
0.183238
0.219114
0.529216
0.472509
0.474687
0.652131
0.658396
0.110368
0.0129332
0.0374471
0.0346111
0.249146
0.527427
0.581448
0.552687
0.326727
0.165495
0.195831
0.0393077
0.0277215
0.0365608
0.0338515
0.132187
0.220561
0.514589
0.473765
0.46596
0.639642
0.711554
0.315534
0.512724
0.58694
0.541262
0.343129
0.422302
0.515935
0.523888
0.523518
0.473765
0.309494
0.268438
0.562818
0.508548
0.658259
0.179586
0.210063
0.514505
0.479459
0.449515
0.618134
0.758968
0.0633989
0.0197761
0.0333434
0.0409083
0.252118
0.534675
0.584289
0.554335
0.290267
0.148589
0.20362
0.0272029
0.0293986
0.0366888
0.0344268
0.196382
0.219414
0.528356
0.492591
0.428943
0.602101
0.785163
0.283429
0.525228
0.589495
0.557714
0.352245
0.45799
0.525869
0.560508
0.56371
0.535988
0.271589
0.298616
0.511703
0.460169
0.594035
0.338669
0.466396
0.52563
0.574214
0.57262
0.544095
0.263149
0.0104859
0.0304756
0.0290507
0.0366014
0.370555
0.556044
0.600585
0.211529
0.180765
0.174757
0.139496
0.372279
0.557698
0.60726
0.19811
0.329949
0.478517
0.517206
0.607639
0.604257
0.558518
0.245728
0.362043
0.525965
0.566543
0.24283
0.384611
0.560798
0.615998
0.203886
0.185479
0.182129
0.127015
0.278419
0.512186
0.559231
0.532709
0.324707
0.472294
0.500688
0.636324
0.648806
0.586326
0.223837
0.0085749
0.0285485
0.0308683
0.0367637
0.434083
0.566536
0.616874
0.200034
0.189384
0.185438
0.116334
0.437787
0.566838
0.615418
0.170042
0.314195
0.484435
0.480292
0.648026
0.687688
0.627639
0.211599
0.414921
0.559652
0.582648
0.195266
0.449033
0.570298
0.608215
0.19673
0.19669
0.187145
0.106764
0.343378
0.496247
0.536996
0.481413
0.384097
0.267957
0.64025
0.467969
0.563438
0.537662
0.662149
-0.00251502
0.0260647
0.0346764
0.0391256
0.367666
0.492381
0.54874
0.628886
0.164916
0.200442
0.173716
0.0165124
0.0294636
0.0346048
0.0358911
0.416098
0.286975
0.667806
0.447263
0.588818
0.503822
0.629188
0.357142
0.492863
0.561525
0.432006
0.268896
0.540693
0.458979
0.635109
0.705345
0.68645
0.167878
0.321337
0.525491
0.593894
0.443757
0.394841
0.313974
0.678065
0.433721
0.601769
0.467131
0.555935
-0.0103331
0.0297611
0.0375951
0.0575641
0.406635
0.49507
0.575896
0.594613
0.16863
0.210991
0.146663
0.0169819
0.0300058
0.0363895
0.039124
0.416098
0.366258
0.670536
0.428428
0.618222
0.434176
0.545538
0.382835
0.487828
0.600923
0.366381
0.242324
0.593156
0.446888
0.624144
0.69152
0.666909
0.141256
0.261634
0.535762
0.481735
0.332085
0.239387
0.608417
0.451344
0.617769
0.682674
0.657276
0.103342
0.00477334
0.0384866
0.0283291
0.154645
0.511512
0.562314
0.474537
0.154892
0.202584
0.214777
0.182523
0.509586
0.565364
0.466934
0.111743
0.251282
0.623996
0.464636
0.613451
0.659557
0.630714
0.238188
0.499831
0.546625
0.568561
0.213118
0.506976
0.578323
0.44949
0.158928
0.201765
0.215346
0.163369
0.468026
0.475241
0.646216
0.298415
0.23645
0.62231
0.471057
0.612733
0.641265
0.597575
0.0726409
0.00623592
0.0388552
0.02924
0.188011
0.511512
0.603449
0.423577
0.164092
0.206257
0.218261
0.201203
0.5066
0.609189
0.416643
0.117588
0.255303
0.608097
0.468902
0.602436
0.625036
0.5634
0.243877
0.515016
0.561371
0.502671
0.214379
0.501834
0.616204
0.402777
0.169171
0.207659
0.222758
0.219809
0.528194
0.513364
0.643572
0.231501
0.303839
0.524606
0.509514
0.442223
0.716758
0.539157
0.253278
0.00432441
0.0332556
0.0397729
0.223749
0.542071
0.523452
0.63653
0.403487
0.186467
0.166939
0.0754917
0.0261905
0.0331637
0.0393609
0.0699836
0.301284
0.530331
0.470915
0.463903
0.698905
0.566844
0.427377
0.519639
0.544992
0.630293
0.261303
0.276837
0.543154
0.439413
0.536331
0.550755
0.463918
0.266226
0.490463
0.474756
0.562663
0.19153
0.259709
0.537809
0.45314
0.476424
0.67711
0.584802
0.175719
0.00686408
0.0302743
0.0353171
0.245935
0.538996
0.571098
0.611387
0.358439
0.182369
0.181853
0.0560457
0.0267966
0.0359883
0.0374644
0.0977762
0.25568
0.538187
0.461863
0.47883
0.661072
0.612639
0.372427
0.506231
0.578921
0.590367
0.299766
0.361161
0.516309
0.451002
0.485752
0.473994
0.378122
0.282957
0.451703
0.495946
0.618231
0.297289
0.380452
0.518941
0.468759
0.486277
0.462771
0.358467
0.0257542
0.0238981
0.0307316
0.0383751
0.270504
0.494529
0.579016
0.266161
0.180022
0.20013
0.194055
0.275913
0.49734
0.57281
0.257235
0.285466
0.417714
0.515995
0.50772
0.505979
0.462773
0.324236
0.271672
0.498267
0.620952
0.355875
0.287683
0.508201
0.568422
0.240903
0.172565
0.191716
0.180883
0.244853
0.529386
0.58486
0.542768
0.348483
0.432614
0.517649
0.533323
0.537356
0.487911
0.29936
0.0177212
0.0246684
0.0325972
0.0333505
0.328333
0.520642
0.577383
0.227386
0.167198
0.181058
0.167495
0.327947
0.524912
0.579227
0.22319
0.327123
0.456691
0.523328
0.549149
0.556757
0.522802
0.280867
0.324754
0.496499
0.594038
0.300993
0.333225
0.538841
0.582281
0.220738
0.171305
0.172683
0.153571
0.251813
0.536174
0.588355
0.557264
0.252021
0.207629
0.553653
0.503749
0.417344
0.598804
0.789261
0.0290893
0.0220953
0.0375626
0.034426
0.265585
0.530714
0.583344
0.573791
0.246111
0.160662
0.208155
0.0196205
0.02984
0.0362439
0.034325
0.282502
0.223576
0.577962
0.508705
0.430205
0.597227
0.777299
0.276758
0.510369
0.571953
0.542811
0.332592
0.473078
0.510925
0.62229
0.623665
0.56897
0.235875
0.252091
0.531595
0.590456
0.605337
0.31879
0.226555
0.590967
0.50421
0.466409
0.587133
0.748702
0.00585977
0.0255802
0.0378096
0.0388102
0.306023
0.506783
0.544985
0.623595
0.201388
0.177119
0.196625
0.0166607
0.0294177
0.0336967
0.03409
0.372119
0.246916
0.605954
0.489929
0.51734
0.566917
0.716652
0.317788
0.495956
0.53533
0.497179
0.304861
0.489635
0.47358
0.647784
0.698624
0.646419
0.197787
0.258247
0.601467
0.467938
0.47976
0.291248
0.50295
0.467453
0.644884
0.705624
0.663737
0.182284
0.00614872
0.0314626
0.0289743
0.0492106
0.480432
0.571939
0.591862
0.191497
0.205077
0.192514
0.108462
0.476029
0.570365
0.585168
0.144099
0.288462
0.5324
0.460548
0.637027
0.707796
0.683544
0.19064
0.473908
0.569067
0.618013
0.172007
0.470926
0.5629
0.56774
0.183121
0.210719
0.202313
0.0983362
0.388068
0.497353
0.564594
0.417064
0.260301
0.547749
0.456538
0.634858
0.702892
0.68556
0.14101
0.00439326
0.0344803
0.0282468
0.0916343
0.488792
0.547448
0.536338
0.172566
0.211064
0.211437
0.139376
0.487363
0.546116
0.525702
0.122896
0.258637
0.575258
0.447063
0.630991
0.697428
0.675531
0.208117
0.485883
0.574048
0.610997
0.195909
0.487893
0.551549
0.503416
0.161496
0.207476
0.214913
0.107048
0.415483
0.484114
0.615898
0.346054
0.381296
0.421
0.651759
0.429083
0.644003
0.413551
0.448911
-0.00730222
0.0287735
0.0395414
0.0928103
0.435631
0.473338
0.633631
0.537484
0.17344
0.203173
0.120773
0.0186456
0.0289222
0.0397285
0.0443127
0.385554
0.46233
0.621941
0.42934
0.677569
0.416367
0.496966
0.426932
0.468176
0.644048
0.310022
0.233971
0.624838
0.468879
0.613761
0.650349
0.615997
0.168159
0.41607
0.481957
0.553512
0.286723
0.339188
0.489127
0.588408
0.422766
0.707151
0.444809
0.344409
-0.00600603
0.0301409
0.0338709
0.16909
0.488389
0.489965
0.648436
0.462273
0.177891
0.185199
0.0975887
0.0224523
0.0309415
0.0403363
0.0549846
0.343685
0.509583
0.552007
0.423391
0.721314
0.491681
0.473369
0.48697
0.507145
0.648643
0.270836
0.245354
0.598938
0.466771
0.594076
0.615261
0.547128
0.157407
0.367849
0.528922
0.578635
0.24282
0.253889
0.588231
0.462788
0.582747
0.602288
0.528198
0.051612
0.0160612
0.0334778
0.0368939
0.201358
0.505102
0.621321
0.380887
0.178289
0.207557
0.222862
0.208955
0.50265
0.622032
0.372748
0.137642
0.281265
0.560265
0.448712
0.554289
0.570613
0.487373
0.237628
0.505355
0.59935
0.449214
0.21487
0.503587
0.619607
0.354219
0.185244
0.210349
0.219546
0.242663
0.542126
0.556579
0.624773
0.269653
0.290375
0.529234
0.433241
0.521393
0.533034
0.444052
0.0332751
0.0135371
0.0328268
0.0267496
0.224773
0.507607
0.61535
0.325543
0.186916
0.211019
0.214278
0.226397
0.504262
0.612824
0.316371
0.205776
0.347662
0.513457
0.437662
0.493319
0.492822
0.400766
0.241603
0.502665
0.624356
0.400265
0.232427
0.495979
0.603089
0.296681
0.184922
0.207135
0.205873
0.24796
0.522085
0.578704
0.576261
0.183593
0.220765
0.530466
0.47212
0.475198
0.65286
0.65387
0.112919
0.0126679
0.037417
0.0347814
0.249399
0.526744
0.580884
0.555114
0.328017
0.166398
0.195611
0.0399799
0.0276453
0.0365239
0.0339529
0.130623
0.22099
0.515605
0.473661
0.467066
0.641247
0.706663
0.317469
0.512493
0.586822
0.541593
0.341884
0.420045
0.515851
0.521575
0.520556
0.471454
0.311736
0.269099
0.563411
0.507111
0.657634
0.178048
0.209796
0.513784
0.47852
0.451281
0.620119
0.755397
0.0653057
0.0196288
0.0332749
0.0409139
0.0350189
0.00892316
0.0117294
0.0143438
0.00996604
0.0147469
0.00961697
0.0135526
0.0127761
0.0107505
0.0126355
0.0115754
0.0102394
0.0129021
0.0129557
0.00808785
0.0092874
0.012311
0.0129691
0.014665
0.00599079
0.0118687
0.69335
0.62524
0.690913
0.713366
0.472549
0.481342
0.896034
0.434767
0.243538
0.0608869
-0.00933511
0.337988
0.472412
0.524891
0.571533
0.570662
0.542807
0.264774
0.0127578
0.0274703
0.0328413
0.0345763
0.369108
0.555196
0.598547
0.212382
0.180075
0.174149
0.140714
0.369459
0.557242
0.605518
0.19939
0.33046
0.478402
0.518346
0.604533
0.600688
0.556857
0.247374
0.360634
0.524204
0.565732
0.245363
0.381976
0.560213
0.6153
0.204408
0.185201
0.181573
0.128072
0.2763
0.513186
0.561276
0.534564
0.326082
0.472344
0.502497
0.634342
0.644622
0.583085
0.225735
0.00871503
0.0284969
0.0309877
0.0364886
0.430588
0.566434
0.617164
0.200298
0.188912
0.185304
0.117084
0.434524
0.566757
0.615955
0.171274
0.314996
0.482993
0.481927
0.647698
0.684946
0.623716
0.212999
0.412511
0.559174
0.581546
0.196991
0.446806
0.569661
0.609495
0.1971
0.195892
0.186886
0.107533
0.340961
0.497228
0.536056
0.484138
0.382453
0.266038
0.637071
0.469996
0.560146
0.540464
0.666608
-0.00218967
0.0259704
0.0345766
0.0386422
0.36544
0.492377
0.546951
0.629547
0.165714
0.199399
0.174881
0.0165076
0.0294071
0.034511
0.0357776
0.415056
0.285569
0.665967
0.448909
0.587261
0.507101
0.633294
0.355654
0.492351
0.56067
0.435065
0.270562
0.539226
0.459322
0.63526
0.705831
0.686289
0.16907
0.317745
0.526878
0.593827
0.447657
0.394925
0.310319
0.677933
0.43461
0.60065
0.470403
0.560957
-0.0103138
0.0297724
0.0375783
0.0564699
0.405372
0.495532
0.573888
0.596704
0.168021
0.211013
0.147928
0.0169725
0.0300194
0.0362332
0.0389813
0.41693
0.360859
0.671777
0.428582
0.61631
0.436841
0.549096
0.382118
0.48861
0.597792
0.369125
0.242552
0.590063
0.446555
0.625399
0.692773
0.668464
0.142049
0.260416
0.537974
0.478466
0.334969
0.239565
0.606064
0.450242
0.618793
0.684514
0.659189
0.105288
0.00565964
0.0330285
0.0308219
0.149954
0.510448
0.561755
0.476762
0.15502
0.20295
0.214778
0.181242
0.508836
0.564439
0.469103
0.112104
0.251879
0.623356
0.463596
0.613412
0.661598
0.633511
0.237475
0.499097
0.547743
0.571115
0.21288
0.506935
0.576115
0.45195
0.158291
0.201537
0.215231
0.160036
0.466041
0.47363
0.645894
0.300382
0.235904
0.623019
0.470892
0.613097
0.64267
0.600662
0.0738974
0.00613587
0.0389175
0.0292463
0.186858
0.511989
0.601561
0.425684
0.16379
0.205878
0.217858
0.200691
0.50689
0.607838
0.418558
0.117036
0.254866
0.609835
0.469274
0.603851
0.626756
0.566567
0.243869
0.515109
0.560673
0.505726
0.214564
0.501845
0.615564
0.404657
0.168463
0.207716
0.222484
0.217971
0.526124
0.512314
0.644569
0.233613
0.305616
0.523769
0.513327
0.440114
0.717842
0.535675
0.257163
0.00405983
0.0331406
0.0398336
0.222129
0.541086
0.521708
0.637327
0.405422
0.1863
0.167128
0.0764418
0.0261061
0.0330239
0.0394038
0.0690877
0.303408
0.529795
0.473845
0.462231
0.700834
0.565001
0.429863
0.519485
0.542438
0.631108
0.259923
0.27479
0.5461
0.44093
0.539355
0.554179
0.467866
0.265124
0.488617
0.475992
0.561868
0.192589
0.261593
0.53728
0.453533
0.475725
0.678991
0.58304
0.178912
0.00649012
0.0303568
0.0352478
0.24522
0.539978
0.569742
0.613358
0.360433
0.182871
0.180754
0.0568595
0.0268178
0.0359318
0.037604
0.096331
0.257716
0.538481
0.460482
0.478953
0.66211
0.609403
0.375026
0.507286
0.578603
0.592999
0.297228
0.357333
0.515681
0.448317
0.48641
0.476772
0.381822
0.281012
0.450691
0.49759
0.618172
0.676502
0.594947
0.174645
0.170706
0.158421
0.190306
0.134279
0.0477726
0.00893978
0.0147731
0.00919943
0.00686179
0.00564915
0.00314921
0.00172323
0.00140991
0.00153246
0.000597279
0.000569171
0.000705235
0.000343534
0.000304319
0.016912
0.0143793
0.0143295
0.00899822
0.00685481
0.00561197
0.00307129
0.00171414
0.00139052
0.00150362
0.000574204
0.000575796
0.000699341
0.000329281
0.000301796
7.42296e-005
-8.44041e-006
2.35818e-007
0.0172033
0.0142794
0.0142223
0.00871013
0.00681268
0.00553962
0.00297858
0.00170975
0.00137176
0.00146051
0.000547139
0.000584489
0.000698868
0.000313522
0.000296371
0.0173231
0.0141735
0.0140988
0.00846366
0.00678611
0.00551458
0.00291649
0.00170193
0.00136628
0.00142262
0.000525513
0.00059098
0.000693299
0.000301055
0.000289828
5.62072e-005
-7.56664e-006
8.90396e-006
0.0174331
0.0140821
0.0140293
0.00824377
0.0067395
0.0054603
0.00283061
0.00167553
0.00137761
0.00137446
0.00050638
0.000604115
0.000684183
0.000286024
0.00033085
0.0175252
0.0140256
0.0139749
0.00811651
0.00668998
0.0053872
0.00275481
0.00164998
0.00141509
0.00132982
0.000490538
0.000614854
0.000678144
0.000273931
0.000273714
4.06518e-005
-6.58588e-006
0.000123672
0.0175318
0.0140051
0.0138216
0.00794227
0.00664022
0.00527161
0.00266732
0.00162733
0.00145127
0.00127957
0.000470299
0.000620775
0.000670239
0.000261536
0.000495511
0.0173844
0.0141068
0.013676
0.0077864
0.00657718
0.0051643
0.00260195
0.00162301
0.00147124
0.00124261
0.000456536
0.000622005
0.000670095
0.000253172
0.000255001
2.75936e-005
-5.57429e-006
0.000601126
0.017155
0.0142826
0.0136357
0.00760536
0.00648347
0.00503671
0.00252877
0.00162314
0.00150148
0.00119559
0.000441267
0.000643313
0.000667936
0.000242
0.00132826
0.0169014
0.0145369
0.0135971
0.00745905
0.00640481
0.00490954
0.00247372
0.00164317
0.00152579
0.00115324
0.00243841
0.0490565
0.0448261
0.032794
0.0248804
0.0243702
0.0156861
0.0100209
0.0160184
0.0148513
0.0134964
0.00729907
0.00636065
0.00475819
0.00240681
0.00165374
0.0015492
0.00111211
0.000415847
0.000689327
0.000646922
0.000232277
0.00286682
0.0161592
0.0151182
0.0133572
0.00720892
0.00633485
0.00463502
0.00235943
0.00166541
0.00156304
0.00108884
0.000409507
0.000709288
0.000633164
0.000232889
0.000227129
8.50248e-006
-3.66585e-006
0.0036764
0.0157633
0.0153169
0.0133298
0.00711563
0.00628018
0.00447225
0.00231438
0.00167289
0.00159227
0.00106558
0.000411801
0.000738633
0.000616809
0.000231524
0.00466455
0.0154068
0.0154673
0.0132978
0.00700597
0.00623686
0.00435576
0.00228061
0.00168543
0.00161001
0.00104108
0.000413262
0.00075417
0.000601406
0.000230653
0.00021892
2.05542e-006
-2.833e-006
0.0054853
0.0150541
0.0156702
0.0131894
0.00691816
0.00618981
0.0042374
0.00223084
0.00169643
0.00162264
0.00100973
0.000420284
0.000764529
0.000580321
0.000230688
0.00656927
0.0147595
0.015748
0.013031
0.00688066
0.00617279
0.00413556
0.00218459
0.00171442
0.00162373
0.000980604
0.273832
0.301723
0.0514371
0.289284
0.297001
0.0509784
0.295661
0.510235
0.271777
0.0505345
0.0109029
0.296768
0.288213
0.0497316
0.0104046
-0.000947053
2.04597e-006
1.08704e-005
0.0518391
0.0463807
0.00806098
0.00164707
0.322057
0.275178
0.0480186
0.00966979
-0.000931219
8.60797e-006
9.82206e-006
0.0561494
0.0442469
0.00778337
0.00152724
0.353794
0.637594
0.230992
0.104246
0.0658617
0.0313308
0.0138324
0.362245
0.254405
0.0453571
0.00851056
0.0614277
0.103239
0.036799
0.0172569
0.0106338
0.00509013
0.0022071
0.388245
0.242456
0.399905
0.237133
0.404132
0.235006
0.0437892
0.00758933
-0.000866125
2.45262e-005
6.96508e-006
0.0681047
0.0382753
0.00707244
0.00119102
0.418258
0.227056
0.042233
0.00695379
-0.000835129
2.79291e-005
6.15343e-006
0.0713352
0.0365366
0.0068699
0.00108749
0.436609
0.216828
0.0410011
0.00633915
-0.000805252
3.12334e-005
5.36791e-006
0.447237
0.210519
0.0402135
0.00596254
0.0825195
0.273444
0.589436
0.463527
0.584984
0.604808
0.531722
0.0501184
0.00903245
0.0366251
0.0285478
0.202853
0.505355
0.620914
0.383144
0.17742
0.207429
0.223044
0.208233
0.50237
0.622072
0.375108
0.135616
0.280331
0.563072
0.450243
0.557173
0.573756
0.491216
0.237704
0.505535
0.596829
0.451428
0.214801
0.503149
0.620015
0.356763
0.184838
0.210083
0.219916
0.242119
0.542422
0.554189
0.626035
0.267958
0.287243
0.531821
0.434194
0.52434
0.536652
0.448035
0.0338422
0.0132294
0.0329518
0.0267603
0.223597
0.50797
0.615912
0.328166
0.186955
0.211156
0.214875
0.224964
0.504779
0.613754
0.318985
0.202424
0.343174
0.513685
0.436139
0.495328
0.49634
0.404628
0.24126
0.502128
0.623797
0.402051
0.231363
0.497018
0.604719
0.299319
0.185199
0.207643
0.206768
0.248116
0.522449
0.578558
0.579159
0.184033
0.222493
0.531665
0.471636
0.47568
0.653568
0.649431
0.1155
0.0124062
0.0373909
0.0349575
0.249606
0.526002
0.580363
0.557698
0.329278
0.167295
0.195379
0.0406615
0.027562
0.0364859
0.0340699
0.129001
0.221555
0.516712
0.473588
0.468101
0.642754
0.701742
0.319549
0.512264
0.586583
0.542151
0.340594
0.417752
0.515858
0.519109
0.517576
0.469329
0.314063
0.26974
0.563946
0.505552
0.656902
0.176751
0.209506
0.513217
0.477661
0.453003
0.622143
0.75164
0.0672391
0.019477
0.0332065
0.0408907
0.25188
0.533498
0.583834
0.550949
0.294113
0.149408
0.202693
0.0281669
0.0292362
0.036631
0.034318
0.187469
0.220004
0.524849
0.490071
0.432589
0.603972
0.782165
0.285054
0.524657
0.588839
0.55727
0.352886
0.455106
0.525458
0.556318
0.561298
0.53219
0.274732
0.299342
0.507066
0.460264
0.596557
0.339704
0.463828
0.525961
0.568871
0.568859
0.541454
0.266349
0.0109589
0.0301852
0.0289621
0.0367522
0.36578
0.554438
0.596494
0.21324
0.17934
0.17361
0.141928
0.366756
0.556724
0.603662
0.200663
0.330915
0.47819
0.519403
0.601403
0.597246
0.55532
0.249007
0.359339
0.522568
0.565116
0.247919
0.379213
0.559704
0.614476
0.204964
0.184911
0.180973
0.129143
0.274411
0.514235
0.563299
0.536363
0.327449
0.472453
0.504273
0.63221
0.640407
0.579982
0.227627
0.00886237
0.028454
0.0311067
0.0362667
0.427138
0.566235
0.617394
0.200569
0.188473
0.185149
0.117843
0.43114
0.566713
0.616407
0.172495
0.315748
0.481668
0.483622
0.647232
0.68202
0.61977
0.214387
0.410198
0.558622
0.580621
0.198857
0.444441
0.56903
0.610697
0.197451
0.195109
0.186662
0.108328
0.338521
0.498223
0.535317
0.486853
0.380754
0.264037
0.633861
0.472016
0.556693
0.543219
0.671024
-0.00185093
0.0258851
0.0344812
0.0381606
0.363157
0.492536
0.545157
0.630152
0.166619
0.198322
0.176034
0.0165019
0.029356
0.034411
0.0356552
0.413913
0.284255
0.663965
0.450621
0.585577
0.510345
0.637467
0.354187
0.491787
0.559714
0.438146
0.272211
0.537663
0.45965
0.635465
0.706295
0.686004
0.170254
0.314056
0.528207
0.593862
0.451563
0.39493
0.306855
0.677659
0.435565
0.599559
0.473705
0.565975
-0.0102919
0.0297822
0.0375623
0.0554133
0.404001
0.495952
0.572046
0.59877
0.167399
0.210992
0.149191
0.0169605
0.0300311
0.0360862
0.038828
0.417694
0.355587
0.672906
0.428794
0.614497
0.439589
0.552646
0.38144
0.489318
0.594725
0.371912
0.242838
0.586893
0.44639
0.626636
0.693914
0.669971
0.142944
0.259332
0.540312
0.475181
0.337843
0.239707
0.603555
0.449249
0.619899
0.686256
0.661023
0.106461
0.00468619
0.0382386
0.0281717
0.150298
0.50955
0.561098
0.479045
0.155244
0.203341
0.214791
0.179898
0.508006
0.563665
0.471268
0.112548
0.25245
0.622575
0.462487
0.613426
0.663698
0.636242
0.236698
0.498419
0.549019
0.573603
0.212599
0.506791
0.574055
0.454376
0.157667
0.201372
0.215138
0.156715
0.464018
0.472218
0.645543
0.302328
0.23534
0.623618
0.470649
0.613376
0.644107
0.60375
0.075165
0.00603297
0.0389738
0.0292487
0.185644
0.512503
0.599515
0.427849
0.163468
0.205466
0.217484
0.200128
0.507221
0.606342
0.420522
0.116451
0.254538
0.611508
0.469621
0.605176
0.628403
0.569712
0.243814
0.515098
0.559887
0.508812
0.214728
0.501854
0.614876
0.406511
0.167808
0.20775
0.222165
0.21605
0.523903
0.511281
0.645514
0.235727
0.30737
0.522853
0.517137
0.438045
0.718809
0.53203
0.261074
0.00378904
0.0330318
0.0398974
0.220431
0.53997
0.520091
0.638174
0.407403
0.186104
0.167412
0.077396
0.0260152
0.0328909
0.039448
0.0683029
0.305517
0.529274
0.476944
0.46048
0.702724
0.563059
0.432313
0.519233
0.539921
0.631864
0.258702
0.272974
0.549053
0.44249
0.542378
0.557559
0.471802
0.263946
0.486785
0.477158
0.561047
0.193634
0.2635
0.536718
0.454171
0.474938
0.680914
0.581357
0.182132
0.00612734
0.0304371
0.035187
0.244474
0.540869
0.568243
0.615251
0.362482
0.183347
0.179648
0.0576782
0.0268347
0.0358669
0.0377391
0.0950187
0.259742
0.538678
0.459122
0.479023
0.663223
0.606302
0.377601
0.508416
0.578215
0.595563
0.294796
0.353357
0.515094
0.445814
0.487311
0.479722
0.385554
0.278981
0.449579
0.499281
0.61818
0.291952
0.374202
0.518331
0.461759
0.4853
0.465954
0.365461
0.0266342
0.023704
0.0309026
0.038347
0.263857
0.493436
0.583349
0.271429
0.181119
0.201454
0.196292
0.270257
0.494745
0.576216
0.262267
0.279936
0.413065
0.516668
0.501248
0.500759
0.460725
0.329834
0.266033
0.499974
0.621563
0.360447
0.282917
0.50519
0.568443
0.244741
0.174011
0.193427
0.183332
0.244084
0.528761
0.585421
0.541556
0.346556
0.428715
0.516737
0.529942
0.532083
0.481773
0.30322
0.0182196
0.0243604
0.0325303
0.0331812
0.323875
0.5186
0.575751
0.228979
0.167577
0.183088
0.169947
0.323512
0.521957
0.578433
0.225047
0.325084
0.45411
0.522307
0.546044
0.55428
0.517202
0.283985
0.320767
0.49313
0.598249
0.306152
0.330068
0.534685
0.581059
0.222014
0.169848
0.173536
0.156133
0.250882
0.536829
0.58866
0.557711
0.246405
0.2079
0.548557
0.502022
0.417983
0.598863
0.78986
0.0316174
0.0218476
0.0376686
0.0344596
0.262969
0.532783
0.585185
0.571262
0.250221
0.1584
0.208401
0.0201371
0.0299029
0.0363999
0.0343422
0.274287
0.22154
0.574146
0.508436
0.425961
0.597978
0.780532
0.276898
0.512692
0.575348
0.5456
0.335112
0.473313
0.513891
0.616648
0.615623
0.564347
0.239336
0.251251
0.531579
0.588871
0.611073
0.310952
0.225093
0.589405
0.505797
0.458343
0.589762
0.754583
0.0075222
0.0253026
0.0378017
0.0394491
0.0260506
0.0106243
0.0136767
0.0134941
0.00968076
0.0133964
0.0116126
0.0110554
0.0128722
0.0121182
0.00914753
0.00970454
0.0119982
0.013205
0.0149449
0.00549642
0.0114542
0.0138601
0.0107454
0.0145202
0.00907678
0.0723686
0.819468
0.568037
0.62303
0.606231
0.450849
0.530614
0.950625
0.357399
0.304651
0.0193448
-0.000322829
0.315958
0.500889
0.468811
0.646206
0.703644
0.657954
0.186153
0.00635358
0.0310931
0.0290746
0.0474104
0.478532
0.572443
0.595329
0.192704
0.203603
0.191079
0.108278
0.47446
0.57156
0.589134
0.146489
0.291191
0.5279
0.46129
0.63824
0.708231
0.681448
0.191719
0.470435
0.569012
0.616401
0.172112
0.470687
0.565448
0.572782
0.184837
0.210072
0.200398
0.0981612
0.384276
0.497145
0.563073
0.423016
0.263785
0.544838
0.457716
0.634895
0.703842
0.686241
0.144613
0.00451908
0.0342162
0.0283564
0.0859221
0.48665
0.549589
0.54235
0.174594
0.211374
0.210142
0.134392
0.484688
0.546737
0.531808
0.124535
0.260228
0.569233
0.448418
0.632571
0.698698
0.677996
0.20437
0.486487
0.574756
0.613396
0.193323
0.486158
0.549165
0.50918
0.163402
0.208299
0.214703
0.105212
0.412633
0.486505
0.609848
0.352452
0.384137
0.411351
0.656179
0.428774
0.638366
0.416111
0.458658
-0.00753379
0.0288315
0.0392779
0.0865507
0.431091
0.476174
0.629798
0.543851
0.173476
0.204302
0.123031
0.0183203
0.0290192
0.0395639
0.0434723
0.389229
0.456344
0.62788
0.429783
0.671383
0.413773
0.499883
0.421632
0.467615
0.642675
0.314189
0.234436
0.624705
0.467515
0.613651
0.653836
0.621995
0.163788
0.413244
0.483422
0.558192
0.293043
0.342921
0.484832
0.594578
0.424072
0.702654
0.437997
0.353315
-0.00632782
0.0300417
0.0341587
0.162502
0.482908
0.485398
0.647794
0.468984
0.177034
0.187236
0.0996229
0.0219896
0.0306625
0.0403152
0.0534072
0.347016
0.506083
0.558974
0.421929
0.720149
0.482523
0.476147
0.480683
0.504258
0.64939
0.273846
0.242886
0.602722
0.467793
0.597654
0.619411
0.553738
0.152443
0.361849
0.527906
0.572577
0.244934
0.25063
0.592356
0.464458
0.5871
0.607261
0.53521
0.0532686
0.0155906
0.0334219
0.0365437
0.199701
0.505838
0.620465
0.385362
0.17653
0.207335
0.223194
0.207513
0.502241
0.621986
0.377439
0.13383
0.279399
0.565826
0.451739
0.560006
0.576851
0.495036
0.237903
0.505746
0.594222
0.453606
0.214716
0.502639
0.620462
0.359285
0.184387
0.209799
0.220273
0.241543
0.542675
0.551725
0.6272
0.26622
0.284318
0.534538
0.435315
0.527313
0.540236
0.452015
0.0344149
0.0129332
0.0330889
0.0267861
0.222551
0.508299
0.616375
0.330793
0.18696
0.211253
0.215444
0.223602
0.505225
0.61458
0.321601
0.199166
0.338641
0.514142
0.434825
0.497493
0.499916
0.40851
0.240922
0.501588
0.623234
0.403874
0.230384
0.498008
0.606261
0.30195
0.185455
0.208125
0.207638
0.248255
0.523041
0.57841
0.582018
0.184526
0.224287
0.532804
0.471047
0.476136
0.654265
0.645085
0.11811
0.0121522
0.0373692
0.035138
0.249768
0.525256
0.579896
0.560401
0.33051
0.168183
0.195128
0.0413509
0.0274714
0.036448
0.0342023
0.127327
0.222259
0.517889
0.473536
0.469066
0.64416
0.696806
0.32177
0.512012
0.586228
0.542938
0.339263
0.41543
0.515951
0.516488
0.514601
0.467394
0.316476
0.270352
0.564411
0.503861
0.656057
0.584815
0.143239
0.182772
0.226459
0.169354
0.235706
0.148987
0.222354
0.212589
0.163928
0.211223
0.187771
0.171873
0.208669
0.20046
0.139951
0.152629
0.196413
0.212134
0.239457
0.0900869
0.188313
0.227867
0.167264
0.236395
0.150351
0.22158
0.210967
0.166408
0.209523
0.187692
0.169964
0.208713
0.202384
0.137575
0.151632
0.197069
0.211596
0.238783
0.091211
0.189769
0.2291
0.165202
0.236991
0.151783
0.220701
0.209366
0.168787
0.207752
0.187492
0.168214
0.208621
0.204417
0.135246
0.15081
0.197609
0.210943
0.238074
0.0926414
0.191372
0.230226
0.163107
0.237472
0.153282
0.219733
0.207798
0.171036
0.205917
0.187177
0.166655
0.208413
0.206509
0.132961
0.150196
0.198054
0.210171
0.237354
0.0943621
0.193117
0.23124
0.160991
0.237822
0.154837
0.218688
0.206275
0.173127
0.204014
0.181317
0.0272297
0.0154637
0.0177237
0.0137726
0.0137559
0.00787077
0.00718508
0.0270494
0.0173898
0.017302
0.0139828
0.0269187
0.0172398
0.0172176
0.0139406
0.0136699
0.00775881
0.00655964
0.00513998
0.00259154
0.00162539
0.00147233
0.00123405
0.000457711
0.000623781
0.000668805
0.000252045
0.00025337
0.00106316
0.0115991
0.00736543
0.00722954
0.00608706
0.00586989
0.00326158
0.00278237
0.00215592
0.00108407
0.000700751
0.000647287
0.000510993
0.000190501
0.000278534
0.00365577
0.0267049
0.0169724
0.0164409
0.0144362
0.0135905
0.00743178
0.00638533
0.004879
0.00246475
0.00164773
0.00522564
0.0264282
0.0168895
0.0161467
0.0146644
0.0135295
0.00732563
0.0063612
0.00478536
0.00242399
0.00165161
0.00154332
0.00112019
0.000422186
0.000683497
0.000650229
0.00023244
0.000234646
0.00240539
0.0111655
0.00727712
0.00672694
0.00645002
0.00575685
0.00310491
0.00272365
0.00199734
0.00101749
0.00071703
0.000671495
0.000468824
0.000177862
0.000303865
0.00694267
0.0254294
0.0168997
0.015228
0.0151729
0.0133314
0.00713952
0.00629226
0.00450577
0.00232766
0.00167428
0.0084368
0.0250057
0.016898
0.0149454
0.0152933
0.0133182
0.00707791
0.0062421
0.0044084
0.00230002
0.00168065
0.00159919
0.00105533
0.000415854
0.000744682
0.000610765
0.000231379
0.000219039
0.00395438
0.0105133
0.00724492
0.00625146
0.00667514
0.00570567
0.00299578
0.00266545
0.00184428
0.000972238
0.000728051
0.000696277
0.00044113
0.000181003
0.000326487
0.0107343
0.0238327
0.0168299
0.0141812
0.0156623
0.0131259
0.00689944
0.00617025
0.00418733
0.00221327
0.00170539
0.0123629
0.0233438
0.0169202
0.0139964
0.0157042
0.0129935
0.00687829
0.00615669
0.00411159
0.00218013
0.00171652
0.0134003
0.0229267
0.0169752
0.0138013
0.0157047
0.012832
0.00687549
0.00614229
0.00403315
0.00215726
0.00172258
0.0145548
0.0224884
0.0169704
0.013667
0.0157013
0.0126531
0.006891
0.00612515
0.00396396
0.00214316
0.00172043
0.00162238
0.000929147
0.000443501
0.000779289
0.000528997
0.000232529
0.000188684
0.00682566
0.00938932
0.00727984
0.00582735
0.00675114
0.00530071
0.0029778
0.00262165
0.00166716
0.000910725
0.000732782
0.00069593
0.000384183
0.000197928
0.000338829
0.00589977
0.00704818
0.00565211
0.00448836
0.00521409
0.00398792
0.00230322
0.00202143
0.00126691
0.000690669
0.000560524
0.0186136
0.0207973
0.0171227
0.0134414
0.0156313
0.0117131
0.00691411
0.00603554
0.00376258
0.00204485
0.00166593
0.00159856
0.000835815
0.000483303
0.000793862
0.000474704
0.000247513
0.000159403
0.00863178
0.00871801
0.0074573
0.00581122
0.00668115
0.00484884
0.00297931
0.00258386
0.00159026
0.00086014
0.000700369
0.000681833
0.000341536
0.000214161
0.000341446
0.0071333
0.00660609
0.00581446
0.00455459
0.00516401
0.00364726
0.00229754
0.00198812
0.00121114
0.000649982
0.000530573
0.0219622
0.0195824
0.0175866
0.0137847
0.0154471
0.0107401
0.0068826
0.00592181
0.00359407
0.00192351
0.00156881
0.00159756
0.000742555
0.000528551
0.000781556
0.000421632
0.000279575
0.000128059
0.00983802
0.00832551
0.00765299
0.00596607
0.00656195
0.00445753
0.00295178
0.00251605
0.00151195
0.000803443
0.000661094
0.000687949
0.00030407
0.000234644
0.000329813
0.00791154
0.00640547
0.00595844
0.00460964
0.00500629
0.0033383
0.00228582
0.00192716
0.00114413
0.000605732
0.000501662
0.0241106
0.019246
0.0179796
0.0138414
0.0148853
0.00978197
0.00685715
0.00575776
0.00337935
0.0017861
0.00148279
0.00157445
0.000663539
0.000562485
0.000737188
0.000382173
0.000300207
9.78584e-005
0.0106041
0.00825844
0.00785481
0.00598204
0.00629462
0.00407525
0.00294318
0.00245144
0.00140825
0.000750605
0.000623371
0.0107964
0.00819825
0.0079001
0.0060017
0.00625049
0.0040014
0.00295288
0.00243416
0.00137924
0.000743981
0.00061392
0.0109442
0.00815168
0.00792121
0.00601852
0.00621748
0.00393971
0.00295385
0.00242463
0.00135205
0.000742905
0.000605603
0.000656224
0.00025705
0.000247265
0.000302642
0.175704
0.135945
0.224383
0.205566
0.113362
0.0991165
0.103226
0.0792803
0.0463446
0.0471407
0.037544
0.0247011
0.0267384
0.0233768
0.0298496
0.0201885
0.0178695
0.0187926
0.012072
0.014008
0.0149236
